Choice,DV_Norm_Ref_Amount,DV_Norm_Value,DV_WR_Norm_Value,Day,MC_Norm_Ref_Amount,MC_Norm_Value,Prev_choice,Ref_Amount,Ref_Pos,Subj,Trial_type,Value,WTP_Ref
1,0.35353535353535354,0.0,-0.35353535353535354,1.0,1.0,0.0,100,1.0,2,104,1,0.0,-1.0
1,0.35353535353535354,2.4747474747474745,2.121212121212121,1.0,0.2857142857142857,2.0,1,1.0,1,104,1,7.0,6.0
1,0.35353535353535354,2.121212121212121,1.7676767676767675,1.0,0.23076923076923078,1.3846153846153848,1,1.0,1,104,1,6.0,5.0
1,0.3333333333333333,0.0,-0.3333333333333333,1.0,0.5,0.0,1,0.5,2,104,0,0.0,-0.5
1,0.35353535353535354,2.4747474747474745,2.121212121212121,1.0,0.2,1.4,1,1.0,1,104,1,7.0,6.0
0,0.35353535353535354,0.0,-0.35353535353535354,1.0,0.25,0.0,1,1.0,1,104,1,0.0,-1.0
1,0.35353535353535354,1.4141414141414141,1.0606060606060606,1.0,0.25,1.0,0,1.0,2,104,1,4.0,3.0
1,0.35353535353535354,2.4747474747474745,2.121212121212121,1.0,0.22580645161290322,1.5806451612903225,1,1.0,1,104,1,7.0,6.0
1,0.35353535353535354,2.4747474747474745,2.121212121212121,1.0,0.21052631578947367,1.4736842105263157,1,1.0,2,104,1,7.0,6.0
0,0.3333333333333333,0.0,-0.3333333333333333,1.0,0.5,0.0,1,0.5,1,104,0,0.0,-0.5
1,0.35353535353535354,1.4141414141414141,1.0606060606060606,1.0,0.21428571428571427,0.8571428571428571,0,1.0,2,104,1,4.0,3.0
0,0.35353535353535354,0.0,-0.35353535353535354,1.0,0.23809523809523808,0.0,1,1.0,2,104,1,0.0,-1.0
1,0.35353535353535354,1.7676767676767675,1.4141414141414141,1.0,0.23404255319148937,1.1702127659574468,0,1.0,1,104,1,5.0,4.0
1,0.3333333333333333,0.6666666666666666,0.3333333333333333,1.0,1.5,3.0,1,0.5,1,104,0,1.0,0.5
1,0.35353535353535354,0.0,-0.35353535353535354,1.0,0.25531914893617025,0.0,1,1.0,1,104,1,0.0,-1.0
0,0.3333333333333333,0.0,-0.3333333333333333,1.0,2.0,0.0,1,0.5,1,104,0,0.0,-0.5
0,0.3333333333333333,0.0,-0.3333333333333333,1.0,2.5,0.0,0,0.5,1,104,0,0.0,-0.5
1,0.35353535353535354,4.242424242424242,3.888888888888889,1.0,0.22033898305084745,2.6440677966101696,0,1.0,1,104,1,12.0,11.0
1,0.35353535353535354,2.4747474747474745,2.121212121212121,1.0,0.21212121212121213,1.4848484848484849,1,1.0,2,104,1,7.0,6.0
1,0.35353535353535354,0.0,-0.35353535353535354,1.0,0.22727272727272727,0.0,1,1.0,1,104,1,0.0,-1.0
0,0.35353535353535354,0.0,-0.35353535353535354,1.0,0.24242424242424243,0.0,1,1.0,2,104,1,0.0,-1.0
1,0.35353535353535354,0.0,-0.35353535353535354,1.0,0.25757575757575757,0.0,0,1.0,1,104,1,0.0,-1.0
1,0.3333333333333333,1.3333333333333333,1.0,1.0,1.0,4.0,1,0.5,2,104,0,2.0,1.5
0,0.35353535353535354,0.0,-0.35353535353535354,1.0,0.27272727272727276,0.0,1,1.0,1,104,1,0.0,-1.0
0,0.35353535353535354,0.0,-0.35353535353535354,1.0,0.28787878787878785,0.0,0,1.0,2,104,1,0.0,-1.0
0,0.35353535353535354,0.0,-0.35353535353535354,1.0,0.30303030303030304,0.0,0,1.0,2,104,1,0.0,-1.0
1,0.35353535353535354,0.7070707070707071,0.35353535353535354,1.0,0.3088235294117647,0.6176470588235294,0,1.0,1,104,1,2.0,1.0
1,0.3333333333333333,2.6666666666666665,2.3333333333333335,1.0,0.5,4.0,1,0.5,1,104,0,4.0,3.5
1,0.35353535353535354,0.0,-0.35353535353535354,1.0,0.3235294117647059,0.0,1,1.0,2,104,1,0.0,-1.0
1,0.3333333333333333,2.0,1.6666666666666667,1.0,0.4,2.4,1,0.5,2,104,0,3.0,2.5
1,0.3333333333333333,0.0,-0.3333333333333333,1.0,0.44999999999999996,0.0,1,0.5,1,104,0,0.0,-0.5
0,0.3333333333333333,2.0,1.6666666666666667,1.0,0.3846153846153846,2.3076923076923075,1,0.5,2,104,0,3.0,2.5
1,0.35353535353535354,2.4747474747474745,2.121212121212121,1.0,0.3066666666666667,2.146666666666667,0,1.0,1,104,1,7.0,6.0
0,0.35353535353535354,0.0,-0.35353535353535354,1.0,0.32,0.0,1,1.0,2,104,1,0.0,-1.0
0,0.3333333333333333,0.0,-0.3333333333333333,1.0,0.4230769230769231,0.0,0,0.5,2,104,0,0.0,-0.5
1,0.35353535353535354,0.0,-0.35353535353535354,1.0,0.3333333333333333,0.0,0,1.0,1,104,1,0.0,-1.0
0,0.35353535353535354,0.0,-0.35353535353535354,1.0,0.3466666666666667,0.0,1,1.0,2,104,1,0.0,-1.0
0,0.3333333333333333,0.0,-0.3333333333333333,1.0,0.46153846153846156,0.0,0,0.5,2,104,0,0.0,-0.5
0,0.35353535353535354,0.0,-0.35353535353535354,1.0,0.36,0.0,0,1.0,2,104,1,0.0,-1.0
1,0.3333333333333333,2.0,1.6666666666666667,1.0,0.40625,2.4375,0,0.5,2,104,0,3.0,2.5
1,0.35353535353535354,0.0,-0.35353535353535354,1.0,0.37333333333333335,0.0,1,1.0,2,104,1,0.0,-1.0
1,0.35353535353535354,2.121212121212121,1.7676767676767675,1.0,0.35802469135802467,2.148148148148148,1,1.0,1,104,1,6.0,5.0
0,0.35353535353535354,0.0,-0.35353535353535354,1.0,0.37037037037037035,0.0,1,1.0,1,104,1,0.0,-1.0
1,0.3333333333333333,3.3333333333333335,3.0,1.0,0.3333333333333333,3.3333333333333335,0,0.5,1,104,0,5.0,4.5
0,0.35353535353535354,0.0,-0.35353535353535354,1.0,0.3827160493827161,0.0,1,1.0,2,104,1,0.0,-1.0
1,0.3333333333333333,2.6666666666666665,2.3333333333333335,1.0,0.3,2.4,0,0.5,2,104,0,4.0,3.5
0,0.35353535353535354,0.0,-0.35353535353535354,1.0,0.3950617283950617,0.0,1,1.0,2,104,1,0.0,-1.0
0,0.35353535353535354,0.0,-0.35353535353535354,1.0,0.4074074074074074,0.0,0,1.0,1,104,1,0.0,-1.0
1,0.35353535353535354,2.4747474747474745,2.121212121212121,1.0,0.38636363636363635,2.7045454545454546,0,1.0,2,104,1,7.0,6.0
0,0.3333333333333333,0.0,-0.3333333333333333,1.0,0.32,0.0,1,0.5,1,104,0,0.0,-0.5
1,0.35353535353535354,2.8282828282828283,2.4747474747474745,1.0,0.3645833333333333,2.9166666666666665,0,1.0,1,104,1,8.0,7.0
0,0.3333333333333333,0.0,-0.3333333333333333,1.0,0.33999999999999997,0.0,1,0.5,1,104,0,0.0,-0.5
1,0.35353535353535354,2.121212121212121,1.7676767676767675,1.0,0.3529411764705882,2.1176470588235294,0,1.0,2,104,1,6.0,5.0
0,0.35353535353535354,0.0,-0.35353535353535354,1.0,0.36274509803921573,0.0,1,1.0,1,104,1,0.0,-1.0
1,0.35353535353535354,1.4141414141414141,1.0606060606060606,1.0,0.3584905660377359,1.4339622641509435,0,1.0,1,104,1,4.0,3.0
0,0.3333333333333333,0.0,-0.3333333333333333,1.0,0.36,0.0,1,0.5,1,104,0,0.0,-0.5
0,0.35353535353535354,0.0,-0.35353535353535354,1.0,0.36792452830188677,0.0,0,1.0,1,104,1,0.0,-1.0
0,0.35353535353535354,0.0,-0.35353535353535354,1.0,0.37735849056603776,0.0,0,1.0,1,104,1,0.0,-1.0
0,0.35353535353535354,0.0,-0.35353535353535354,1.0,0.38679245283018865,0.0,0,1.0,2,104,1,0.0,-1.0
0,0.3333333333333333,2.0,1.6666666666666667,1.0,0.3392857142857143,2.035714285714286,0,0.5,2,104,0,3.0,2.5
0,0.35353535353535354,0.0,-0.35353535353535354,1.0,0.39622641509433965,0.0,0,1.0,2,104,1,0.0,-1.0
1,0.3333333333333333,1.3333333333333333,1.0,1.0,0.3333333333333333,1.3333333333333333,0,0.5,2,104,0,2.0,1.5
1,0.3333333333333333,0.6666666666666666,0.3333333333333333,1.0,0.3387096774193548,0.6774193548387096,100,0.5,2,104,0,1.0,0.5
0,0.3333333333333333,2.0,1.6666666666666667,1.0,0.3235294117647059,1.9411764705882353,1,0.5,2,104,0,3.0,2.5
1,0.35353535353535354,1.7676767676767675,1.4141414141414141,1.0,0.38738738738738737,1.936936936936937,0,1.0,1,104,1,5.0,4.0
0,0.3333333333333333,0.0,-0.3333333333333333,1.0,0.3382352941176471,0.0,1,0.5,1,104,0,0.0,-0.5
1,0.35353535353535354,2.4747474747474745,2.121212121212121,1.0,0.3728813559322034,2.610169491525424,0,1.0,2,104,1,7.0,6.0
0,0.35353535353535354,0.0,-0.35353535353535354,1.0,0.3813559322033898,0.0,1,1.0,1,104,1,0.0,-1.0
1,0.35353535353535354,1.0606060606060606,0.7070707070707071,1.0,0.3801652892561983,1.140495867768595,0,1.0,1,104,1,3.0,2.0
1,0.35353535353535354,0.0,-0.35353535353535354,1.0,0.38842975206611574,0.0,1,1.0,1,104,1,0.0,-1.0
1,0.35353535353535354,2.4747474747474745,2.121212121212121,1.0,0.375,2.625,1,1.0,1,104,1,7.0,6.0
1,0.35353535353535354,0.7070707070707071,0.35353535353535354,1.0,0.37692307692307697,0.7538461538461539,1,1.0,2,104,1,2.0,1.0
1,0.35353535353535354,1.7676767676767675,1.4141414141414141,1.0,0.37037037037037035,1.8518518518518516,1,1.0,2,104,1,5.0,4.0
0,0.35353535353535354,0.0,-0.35353535353535354,1.0,0.37777777777777777,0.0,1,1.0,1,104,1,0.0,-1.0
0,0.35353535353535354,0.0,-0.35353535353535354,1.0,0.3851851851851852,0.0,0,1.0,2,104,1,0.0,-1.0
0,0.35353535353535354,0.0,-0.35353535353535354,1.0,0.3925925925925926,0.0,0,1.0,2,104,1,0.0,-1.0
0,0.35353535353535354,0.0,-0.35353535353535354,1.0,0.4,0.0,0,1.0,2,104,1,0.0,-1.0
0,0.35353535353535354,0.0,-0.35353535353535354,1.0,0.4074074074074074,0.0,0,1.0,1,104,1,0.0,-1.0
0,0.35353535353535354,0.0,-0.35353535353535354,1.0,0.41481481481481486,0.0,0,1.0,2,104,1,0.0,-1.0
0,0.3333333333333333,0.0,-0.3333333333333333,1.0,0.3529411764705882,0.0,0,0.5,2,104,0,0.0,-0.5
1,0.3333333333333333,2.6666666666666665,2.3333333333333335,1.0,0.32894736842105265,2.6315789473684212,0,0.5,2,104,0,4.0,3.5
1,0.35353535353535354,2.4747474747474745,2.121212121212121,1.0,0.4014084507042253,2.809859154929577,1,1.0,2,104,1,7.0,6.0
0,0.3333333333333333,0.0,-0.3333333333333333,1.0,0.34210526315789475,0.0,1,0.5,2,104,0,0.0,-0.5
1,0.3333333333333333,3.3333333333333335,3.0,1.0,0.313953488372093,3.1395348837209305,0,0.5,2,104,0,5.0,4.5
1,0.35353535353535354,1.4141414141414141,1.0606060606060606,1.0,0.3972602739726028,1.589041095890411,1,1.0,1,104,1,4.0,3.0
1,0.35353535353535354,2.4747474747474745,2.121212121212121,1.0,0.3856209150326797,2.699346405228758,1,1.0,1,104,1,7.0,6.0
0,0.35353535353535354,0.0,-0.35353535353535354,1.0,0.3921568627450981,0.0,1,1.0,1,104,1,0.0,-1.0
0,0.35353535353535354,1.4141414141414141,1.0606060606060606,1.0,0.3885350318471338,1.5541401273885351,0,1.0,1,104,1,4.0,3.0
0,0.3333333333333333,0.0,-0.3333333333333333,1.0,0.3255813953488372,0.0,0,0.5,2,104,0,0.0,-0.5
1,0.35353535353535354,0.0,-0.35353535353535354,1.0,0.39490445859872614,0.0,0,1.0,1,104,1,0.0,-1.0
1,0.3333333333333333,1.3333333333333333,1.0,1.0,0.32222222222222224,1.288888888888889,1,0.5,1,104,0,2.0,1.5
1,0.35353535353535354,1.4141414141414141,1.0606060606060606,1.0,0.391304347826087,1.565217391304348,1,1.0,1,104,1,4.0,3.0
1,0.35353535353535354,0.0,-0.35353535353535354,1.0,0.39751552795031053,0.0,1,1.0,1,104,1,0.0,-1.0
0,0.3333333333333333,0.0,-0.3333333333333333,1.0,0.3333333333333333,0.0,1,0.5,2,104,0,0.0,-0.5
1,0.35353535353535354,1.4141414141414141,1.0606060606060606,1.0,0.393939393939394,1.575757575757576,0,1.0,1,104,1,4.0,3.0
0,0.35353535353535354,0.0,-0.35353535353535354,1.0,0.4,0.0,1,1.0,2,104,1,0.0,-1.0
1,0.3333333333333333,2.6666666666666665,2.3333333333333335,1.0,0.3163265306122449,2.5306122448979593,0,0.5,2,104,0,4.0,3.5
0,0.3333333333333333,2.0,1.6666666666666667,1.0,0.3076923076923077,1.8461538461538463,1,0.5,2,104,0,3.0,2.5
1,0.35353535353535354,1.4141414141414141,1.0606060606060606,1.0,0.39644970414201186,1.5857988165680474,0,1.0,1,104,1,4.0,3.0
0,0.35353535353535354,0.0,-0.35353535353535354,1.0,0.40236686390532544,0.0,1,1.0,1,104,1,0.0,-1.0
0,0.35353535353535354,0.0,-0.35353535353535354,1.0,0.40828402366863903,0.0,0,1.0,1,104,1,0.0,-1.0
1,0.3333333333333333,2.0,1.6666666666666667,1.0,0.3,1.7999999999999998,0,0.5,1,104,0,3.0,2.5
1,0.35353535353535354,1.7676767676767675,1.4141414141414141,1.0,0.40229885057471265,2.0114942528735633,1,1.0,2,104,1,5.0,4.0
0,0.35353535353535354,0.0,-0.35353535353535354,1.0,0.40804597701149425,0.0,1,1.0,1,104,1,0.0,-1.0
0,0.3333333333333333,0.0,-0.3333333333333333,1.0,0.3090909090909091,0.0,0,0.5,2,104,0,0.0,-0.5
1,0.3333333333333333,2.0,1.6666666666666667,1.0,0.3017241379310345,1.8103448275862069,0,0.5,1,104,0,3.0,2.5
0,0.35353535353535354,0.0,-0.35353535353535354,1.0,0.4137931034482759,0.0,1,1.0,2,104,1,0.0,-1.0
1,0.3333333333333333,1.3333333333333333,1.0,1.0,0.3,1.2,0,0.5,2,104,0,2.0,1.5
0,0.35353535353535354,0.0,-0.35353535353535354,1.0,0.41954022988505746,0.0,1,1.0,2,104,1,0.0,-1.0
1,0.35353535353535354,2.121212121212121,1.7676767676767675,1.0,0.4111111111111111,2.466666666666667,0,1.0,2,104,1,6.0,5.0
0,0.35353535353535354,0.0,-0.35353535353535354,1.0,0.4166666666666667,0.0,1,1.0,1,104,1,0.0,-1.0
0,0.3333333333333333,0.0,-0.3333333333333333,1.0,0.3083333333333333,0.0,0,0.5,1,104,0,0.0,-0.5
0,0.3333333333333333,0.0,-0.3333333333333333,1.0,0.31666666666666665,0.0,0,0.5,1,104,0,0.0,-0.5
1,0.35353535353535354,2.8282828282828283,2.4747474747474745,1.0,0.40425531914893614,3.234042553191489,0,1.0,2,104,1,8.0,7.0
1,0.35353535353535354,2.4747474747474745,2.121212121212121,1.0,0.3948717948717949,2.764102564102564,1,1.0,2,104,1,7.0,6.0
0,0.3333333333333333,0.0,-0.3333333333333333,1.0,0.32499999999999996,0.0,1,0.5,1,104,0,0.0,-0.5
0,0.3333333333333333,0.0,-0.3333333333333333,1.0,0.3333333333333333,0.0,0,0.5,1,104,0,0.0,-0.5
0,0.35353535353535354,0.0,-0.35353535353535354,1.0,0.4,0.0,0,1.0,1,104,1,0.0,-1.0
1,0.35353535353535354,2.121212121212121,1.7676767676767675,1.0,0.3930348258706468,2.3582089552238807,0,1.0,1,104,1,6.0,5.0
1,0.35353535353535354,3.535353535353535,3.1818181818181817,1.0,0.3791469194312796,3.791469194312796,1,1.0,2,104,1,10.0,9.0
1,0.35353535353535354,1.4141414141414141,1.0606060606060606,1.0,0.37674418604651166,1.5069767441860467,1,1.0,1,104,1,4.0,3.0
0,0.35353535353535354,0.0,-0.35353535353535354,1.0,0.38139534883720927,0.0,1,1.0,1,104,1,0.0,-1.0
1,0.35353535353535354,2.4747474747474745,2.121212121212121,1.0,0.3738738738738739,2.6171171171171173,0,1.0,1,104,1,7.0,6.0
0,0.35353535353535354,0.0,-0.35353535353535354,1.0,0.3783783783783784,0.0,1,1.0,2,104,1,0.0,-1.0
1,0.35353535353535354,0.0,-0.35353535353535354,1.0,0.38288288288288286,0.0,100,1.0,2,104,1,0.0,-1.0
1,0.35353535353535354,2.121212121212121,1.7676767676767675,1.0,0.37719298245614036,2.263157894736842,1,1.0,1,104,1,6.0,5.0
0,0.35353535353535354,0.0,-0.35353535353535354,1.0,0.3815789473684211,0.0,1,1.0,2,104,1,0.0,-1.0
1,0.3333333333333333,1.3333333333333333,1.0,1.0,0.33064516129032256,1.3225806451612903,0,0.5,2,104,0,2.0,1.5
1,0.35353535353535354,1.7676767676767675,1.4141414141414141,1.0,0.37768240343347637,1.888412017167382,1,1.0,2,104,1,5.0,4.0
0,0.35353535353535354,0.0,-0.35353535353535354,1.0,0.38197424892703863,0.0,1,1.0,1,104,1,0.0,-1.0
1,0.3333333333333333,0.6666666666666666,0.3333333333333333,1.0,0.3333333333333333,0.6666666666666666,0,0.5,1,104,0,1.0,0.5
1,0.3333333333333333,2.0,1.6666666666666667,1.0,0.32575757575757575,1.9545454545454544,1,0.5,1,104,0,3.0,2.5
0,0.35353535353535354,0.0,-0.35353535353535354,1.0,0.38626609442060084,0.0,1,1.0,2,104,1,0.0,-1.0
0,0.35353535353535354,0.0,-0.35353535353535354,1.0,0.3905579399141631,0.0,0,1.0,2,104,1,0.0,-1.0
0,0.3333333333333333,0.0,-0.3333333333333333,1.0,0.3333333333333333,0.0,0,0.5,2,104,0,0.0,-0.5
1,0.35353535353535354,1.7676767676767675,1.4141414141414141,1.0,0.3865546218487395,1.9327731092436975,0,1.0,1,104,1,5.0,4.0
1,0.35353535353535354,3.535353535353535,3.1818181818181817,1.0,0.375,3.75,1,1.0,2,104,1,10.0,9.0
0,0.35353535353535354,0.0,-0.35353535353535354,1.0,0.3790322580645162,0.0,1,1.0,1,104,1,0.0,-1.0
0,0.35353535353535354,0.0,-0.35353535353535354,1.0,0.38306451612903225,0.0,0,1.0,1,104,1,0.0,-1.0
0,0.35353535353535354,0.0,-0.35353535353535354,1.0,0.3870967741935484,0.0,0,1.0,2,104,1,0.0,-1.0
1,0.3333333333333333,2.6666666666666665,2.3333333333333335,1.0,0.3214285714285714,2.571428571428571,0,0.5,1,104,0,4.0,3.5
1,0.35353535353535354,2.8282828282828283,2.4747474747474745,1.0,0.37890625,3.03125,1,1.0,2,104,1,8.0,7.0
1,0.35353535353535354,0.0,-0.35353535353535354,1.0,0.38281250000000006,0.0,1,1.0,2,104,1,0.0,-1.0
1,0.35353535353535354,0.0,-0.35353535353535354,1.0,0.38671874999999994,0.0,1,1.0,2,104,1,0.0,-1.0
1,0.35353535353535354,1.4141414141414141,1.0606060606060606,1.0,0.3846153846153846,1.5384615384615383,1,1.0,2,104,1,4.0,3.0
1,0.35353535353535354,1.7676767676767675,1.4141414141414141,1.0,0.3811320754716981,1.9056603773584906,1,1.0,1,104,1,5.0,4.0
1,0.3333333333333333,2.0,1.6666666666666667,1.0,0.31506849315068497,1.8904109589041096,1,0.5,2,104,0,3.0,2.5
1,0.35353535353535354,0.7070707070707071,0.35353535353535354,1.0,0.38202247191011235,0.7640449438202247,1,1.0,2,104,1,2.0,1.0
0,0.35353535353535354,0.0,-0.35353535353535354,1.0,0.3857677902621723,0.0,1,1.0,2,104,1,0.0,-1.0
0,0.35353535353535354,0.0,-0.35353535353535354,1.0,0.38951310861423216,0.0,0,1.0,1,104,1,0.0,-1.0
0,0.3333333333333333,0.0,-0.3333333333333333,1.0,0.3219178082191781,0.0,0,0.5,1,104,0,0.0,-0.5
0,0.3333333333333333,2.0,1.6666666666666667,1.0,0.31578947368421056,1.8947368421052633,0,0.5,1,104,0,3.0,2.5
1,0.35353535353535354,2.4747474747474745,2.121212121212121,1.0,0.38321167883211676,2.6824817518248176,0,1.0,2,104,1,7.0,6.0
0,0.35353535353535354,0.0,-0.35353535353535354,1.0,0.3868613138686131,0.0,1,1.0,2,104,1,0.0,-1.0
1,0.35353535353535354,3.1818181818181817,2.8282828282828283,1.0,0.3780918727915194,3.4028268551236747,0,1.0,2,104,1,9.0,8.0
1,0.35353535353535354,2.8282828282828283,2.4747474747474745,1.0,0.37113402061855666,2.9690721649484533,1,1.0,1,104,1,8.0,7.0
1,0.3333333333333333,1.3333333333333333,1.0,1.0,0.3141025641025641,1.2564102564102564,1,0.5,1,104,0,2.0,1.5
1,0.35353535353535354,2.4747474747474745,2.121212121212121,1.0,0.3657718120805369,2.5604026845637584,1,1.0,1,104,1,7.0,6.0
0,0.35353535353535354,0.0,-0.35353535353535354,1.0,0.3691275167785235,0.0,1,1.0,2,104,1,0.0,-1.0
0,0.3333333333333333,0.0,-0.3333333333333333,1.0,0.3205128205128205,0.0,0,0.5,1,104,0,0.0,-0.5
0,0.3333333333333333,2.0,1.6666666666666667,1.0,0.3148148148148148,1.888888888888889,0,0.5,1,104,0,3.0,2.5
1,0.35353535353535354,1.7676767676767675,1.4141414141414141,1.0,0.36633663366336633,1.8316831683168315,0,1.0,2,104,1,5.0,4.0
1,0.3333333333333333,3.3333333333333335,3.0,1.0,0.3023255813953489,3.0232558139534884,1,0.5,1,104,0,5.0,4.5
1,0.35353535353535354,1.4141414141414141,1.0606060606060606,1.0,0.3648208469055375,1.45928338762215,1,1.0,2,104,1,4.0,3.0
1,0.3333333333333333,2.6666666666666665,2.3333333333333335,1.0,0.29444444444444445,2.3555555555555556,1,0.5,1,104,0,4.0,3.5
1,0.35353535353535354,1.4141414141414141,1.0606060606060606,1.0,0.3633440514469453,1.4533762057877813,1,1.0,1,104,1,4.0,3.0
1,0.35353535353535354,2.8282828282828283,2.4747474747474745,1.0,0.3573667711598746,2.8589341692789967,1,1.0,2,104,1,8.0,7.0
0,0.3333333333333333,0.0,-0.3333333333333333,1.0,0.3,0.0,1,0.5,1,104,0,0.0,-0.5
1,0.35353535353535354,2.8282828282828283,2.4747474747474745,1.0,0.3516819571865443,2.8134556574923546,0,1.0,1,104,1,8.0,7.0
0,0.35353535353535354,0.0,-0.35353535353535354,1.0,0.3547400611620795,0.0,1,1.0,1,104,1,0.0,-1.0
0,0.3333333333333333,0.0,-0.3333333333333333,1.0,0.3055555555555555,0.0,0,0.5,2,104,0,0.0,-0.5
0,0.35353535353535354,0.0,-0.35353535353535354,1.0,0.3577981651376147,0.0,0,1.0,1,104,1,0.0,-1.0
0,0.35353535353535354,0.0,-0.35353535353535354,1.0,0.36085626911314983,0.0,0,1.0,1,104,1,0.0,-1.0
0,0.3333333333333333,0.0,-0.3333333333333333,1.0,0.3111111111111111,0.0,0,0.5,1,104,0,0.0,-0.5
0,0.35353535353535354,0.0,-0.35353535353535354,1.0,0.363914373088685,0.0,0,1.0,1,104,1,0.0,-1.0
0,0.35353535353535354,0.0,-0.35353535353535354,1.0,0.36697247706422015,0.0,0,1.0,2,104,1,0.0,-1.0
0,0.35353535353535354,0.0,-0.35353535353535354,1.0,0.37003058103975534,0.0,0,1.0,1,104,1,0.0,-1.0
0,0.3333333333333333,0.0,-0.3333333333333333,1.0,0.31666666666666665,0.0,0,0.5,2,104,0,0.0,-0.5
0,0.35353535353535354,0.0,-0.35353535353535354,1.0,0.3730886850152905,0.0,0,1.0,2,104,1,0.0,-1.0
1,0.35353535353535354,1.4141414141414141,1.0606060606060606,1.0,0.3716012084592145,1.486404833836858,0,1.0,1,104,1,4.0,3.0
0,0.3333333333333333,0.0,-0.3333333333333333,1.0,0.32222222222222224,0.0,1,0.5,2,104,0,0.0,-0.5
0,0.3333333333333333,0.0,-0.3333333333333333,1.0,0.3277777777777778,0.0,0,0.5,2,104,0,0.0,-0.5
1,0.35353535353535354,0.0,-0.35353535353535354,1.0,0.37462235649546827,0.0,0,1.0,1,104,1,0.0,-1.0
1,0.35353535353535354,2.121212121212121,1.7676767676767675,1.0,0.37091988130563797,2.2255192878338277,1,1.0,2,104,1,6.0,5.0
1,0.35353535353535354,0.0,-0.35353535353535354,1.0,0.3738872403560831,0.0,1,1.0,1,104,1,0.0,-1.0
0,0.3333333333333333,0.0,-0.3333333333333333,1.0,0.3333333333333333,0.0,1,0.5,2,104,0,0.0,-0.5
1,0.35353535353535354,2.8282828282828283,2.4747474747474745,1.0,0.3681159420289855,2.944927536231884,100,1.0,2,104,1,8.0,7.0
0,0.3333333333333333,0.0,-0.3333333333333333,1.0,0.33888888888888885,0.0,1,0.5,1,104,0,0.0,-0.5
1,0.3333333333333333,2.6666666666666665,2.3333333333333335,1.0,0.32978723404255317,2.6382978723404253,0,0.5,2,104,0,4.0,3.5
1,0.35353535353535354,3.535353535353535,3.1818181818181817,1.0,0.36056338028169016,3.6056338028169015,1,1.0,1,104,1,10.0,9.0
1,0.35353535353535354,2.8282828282828283,2.4747474747474745,1.0,0.35537190082644626,2.84297520661157,1,1.0,2,104,1,8.0,7.0
0,0.35353535353535354,0.0,-0.35353535353535354,1.0,0.3581267217630854,0.0,1,1.0,2,104,1,0.0,-1.0
0,0.3333333333333333,2.0,1.6666666666666667,1.0,0.32474226804123707,1.9484536082474226,0,0.5,2,104,0,3.0,2.5
1,0.35353535353535354,1.7676767676767675,1.4141414141414141,1.0,0.35597826086956524,1.7798913043478262,0,1.0,1,104,1,5.0,4.0
1,0.35353535353535354,3.1818181818181817,2.8282828282828283,1.0,0.35013262599469497,3.151193633952255,1,1.0,1,104,1,9.0,8.0
1,0.3333333333333333,2.6666666666666665,2.3333333333333335,1.0,0.31683168316831684,2.5346534653465347,1,0.5,1,104,0,4.0,3.5
0,0.3333333333333333,2.0,1.6666666666666667,1.0,0.3125,1.875,1,0.5,1,104,0,3.0,2.5
1,0.35353535353535354,0.0,-0.35353535353535354,1.0,0.35278514588859416,0.0,0,1.0,1,104,1,0.0,-1.0
1,0.3333333333333333,3.3333333333333335,3.0,1.0,0.3027522935779816,3.0275229357798166,1,0.5,2,104,0,5.0,4.5
1,0.35353535353535354,2.4747474747474745,2.121212121212121,1.0,0.34895833333333337,2.4427083333333335,1,1.0,2,104,1,7.0,6.0
1,0.35353535353535354,2.121212121212121,1.7676767676767675,1.0,0.34615384615384615,2.076923076923077,1,1.0,1,104,1,6.0,5.0
0,0.3333333333333333,0.0,-0.3333333333333333,1.0,0.3073394495412844,0.0,1,0.5,1,104,0,0.0,-0.5
0,0.35353535353535354,0.0,-0.35353535353535354,1.0,0.3487179487179487,0.0,0,1.0,1,104,1,0.0,-1.0
0,0.35353535353535354,0.0,-0.35353535353535354,1.0,0.3512820512820513,0.0,0,1.0,1,104,1,0.0,-1.0
1,0.35353535353535354,0.0,-0.35353535353535354,1.0,0.3538461538461538,0.0,0,1.0,1,104,1,0.0,-1.0
1,0.3333333333333333,2.0,1.6666666666666667,1.0,0.3035714285714286,1.8214285714285716,1,0.5,1,104,0,3.0,2.5
1,0.35353535353535354,2.8282828282828283,2.4747474747474745,1.0,0.3492462311557789,2.7939698492462313,1,1.0,2,104,1,8.0,7.0
1,0.35353535353535354,2.4747474747474745,2.121212121212121,1.0,0.345679012345679,2.419753086419753,1,1.0,2,104,1,7.0,6.0
1,0.35353535353535354,0.0,-0.35353535353535354,1.0,0.34814814814814815,0.0,1,1.0,2,104,1,0.0,-1.0
1,0.35353535353535354,0.0,-0.35353535353535354,1.0,0.3506172839506173,0.0,1,1.0,1,104,1,0.0,-1.0
0,0.3333333333333333,0.0,-0.3333333333333333,1.0,0.30803571428571425,0.0,1,0.5,1,104,0,0.0,-0.5
0,0.3333333333333333,0.0,-0.3333333333333333,1.0,0.3125,0.0,0,0.5,2,104,0,0.0,-0.5
0,0.3333333333333333,0.0,-0.3333333333333333,1.0,0.31696428571428575,0.0,0,0.5,2,104,0,0.0,-0.5
0,0.3333333333333333,0.0,-0.3333333333333333,1.0,0.3214285714285714,0.0,0,0.5,2,104,0,0.0,-0.5
0,0.35353535353535354,0.0,-0.35353535353535354,1.0,0.3530864197530864,0.0,0,1.0,2,104,1,0.0,-1.0
0,0.35353535353535354,0.0,-0.35353535353535354,1.0,0.35555555555555557,0.0,0,1.0,1,104,1,0.0,-1.0
1,0.35353535353535354,0.0,-0.35353535353535354,1.0,0.35802469135802467,0.0,0,1.0,2,104,1,0.0,-1.0
1,0.35353535353535354,0.0,-0.35353535353535354,1.0,0.3604938271604938,0.0,1,1.0,1,104,1,0.0,-1.0
1,0.35353535353535354,0.0,-0.35353535353535354,1.0,0.36296296296296293,0.0,1,1.0,1,104,1,0.0,-1.0
1,0.35353535353535354,1.7676767676767675,1.4141414141414141,1.0,0.36097560975609755,1.8048780487804879,1,1.0,1,104,1,5.0,4.0
0,0.35353535353535354,0.0,-0.35353535353535354,1.0,0.3634146341463415,0.0,1,1.0,2,104,1,0.0,-1.0
1,0.35353535353535354,0.0,-0.35353535353535354,1.0,0.36585365853658536,0.0,0,1.0,1,104,1,0.0,-1.0
0,0.3333333333333333,2.0,1.6666666666666667,1.0,0.3173913043478261,1.9043478260869564,1,0.5,1,104,0,3.0,2.5
1,0.35353535353535354,1.7676767676767675,1.4141414141414141,1.0,0.363855421686747,1.819277108433735,0,1.0,2,104,1,5.0,4.0
0,0.35353535353535354,0.0,-0.35353535353535354,1.0,0.3662650602409639,0.0,1,1.0,2,104,1,0.0,-1.0
0,0.3333333333333333,0.0,-0.3333333333333333,1.0,0.32173913043478264,0.0,0,0.5,2,104,0,0.0,-0.5
1,0.3333333333333333,1.3333333333333333,1.0,1.0,0.3205128205128205,1.282051282051282,0,0.5,2,104,0,2.0,1.5
0,0.35353535353535354,0.0,-0.35353535353535354,1.0,0.3686746987951807,0.0,1,1.0,1,104,1,0.0,-1.0
1,0.35353535353535354,2.4747474747474745,2.121212121212121,1.0,0.36492890995260663,2.5545023696682465,0,1.0,2,104,1,7.0,6.0
0,0.35353535353535354,0.0,-0.35353535353535354,1.0,0.36729857819905215,0.0,1,1.0,2,104,1,0.0,-1.0
0,0.3333333333333333,0.0,-0.3333333333333333,1.0,0.3247863247863248,0.0,0,0.5,2,104,0,0.0,-0.5
0,0.35353535353535354,0.0,-0.35353535353535354,1.0,0.3696682464454976,0.0,0,1.0,1,104,1,0.0,-1.0
1,0.3333333333333333,0.6666666666666666,0.3333333333333333,1.0,0.32627118644067793,0.6525423728813559,0,0.5,2,104,0,1.0,0.5
1,0.35353535353535354,1.7676767676767675,1.4141414141414141,1.0,0.3676814988290398,1.838407494145199,1,1.0,2,104,1,5.0,4.0
1,0.35353535353535354,1.4141414141414141,1.0606060606060606,1.0,0.3665893271461717,1.4663573085846868,1,1.0,1,104,1,4.0,3.0
0,0.35353535353535354,0.0,-0.35353535353535354,1.0,0.36890951276102085,0.0,1,1.0,2,104,1,0.0,-1.0
0,0.35353535353535354,0.0,-0.35353535353535354,1.0,0.37122969837587005,0.0,0,1.0,1,104,1,0.0,-1.0
0,0.35353535353535354,0.0,-0.35353535353535354,1.0,0.37354988399071926,0.0,0,1.0,2,104,1,0.0,-1.0
1,0.35353535353535354,0.0,-0.35353535353535354,1.0,0.37587006960556846,0.0,0,1.0,1,104,1,0.0,-1.0
1,0.35353535353535354,1.7676767676767675,1.4141414141414141,1.0,0.3738532110091743,1.8692660550458715,1,1.0,1,104,1,5.0,4.0
1,0.35353535353535354,1.7676767676767675,1.4141414141414141,1.0,0.37188208616780044,1.8594104308390023,1,1.0,1,104,1,5.0,4.0
1,0.35353535353535354,2.8282828282828283,2.4747474747474745,1.0,0.3674832962138085,2.939866369710468,1,1.0,1,104,1,8.0,7.0
1,0.35353535353535354,1.4141414141414141,1.0606060606060606,1.0,0.36644591611479027,1.465783664459161,1,1.0,1,104,1,4.0,3.0
0,0.3333333333333333,0.0,-0.3333333333333333,1.0,0.3305084745762712,0.0,1,0.5,2,104,0,0.0,-0.5
0,0.35353535353535354,0.0,-0.35353535353535354,1.0,0.3686534216335541,0.0,0,1.0,2,104,1,0.0,-1.0
0,0.35353535353535354,0.0,-0.35353535353535354,1.0,0.37086092715231783,0.0,0,1.0,2,104,1,0.0,-1.0
0,0.3333333333333333,0.0,-0.3333333333333333,1.0,0.3347457627118644,0.0,0,0.5,1,104,0,0.0,-0.5
1,0.3333333333333333,1.3333333333333333,1.0,1.0,0.3333333333333333,1.3333333333333333,0,0.5,2,104,0,2.0,1.5
0,0.3333333333333333,0.0,-0.3333333333333333,1.0,0.3375,0.0,100,0.5,2,104,0,0.0,-0.5
1,0.35353535353535354,0.0,-0.35353535353535354,1.0,0.37306843267108164,0.0,0,1.0,2,104,1,0.0,-1.0
1,0.3333333333333333,2.0,1.6666666666666667,1.0,0.3333333333333333,2.0,1,0.5,1,104,0,3.0,2.5
0,0.35353535353535354,0.0,-0.35353535353535354,1.0,0.3752759381898455,0.0,1,1.0,1,104,1,0.0,-1.0
1,0.35353535353535354,0.0,-0.35353535353535354,1.0,0.3774834437086093,0.0,0,1.0,1,104,1,0.0,-1.0
1,0.3333333333333333,1.3333333333333333,1.0,1.0,0.33199999999999996,1.3279999999999998,1,0.5,1,104,0,2.0,1.5
0,0.35353535353535354,0.0,-0.35353535353535354,1.0,0.3796909492273731,0.0,1,1.0,2,104,1,0.0,-1.0
1,0.3333333333333333,2.6666666666666665,2.3333333333333335,1.0,0.3255813953488372,2.6046511627906974,0,0.5,2,104,0,4.0,3.5
0,0.35353535353535354,0.0,-0.35353535353535354,1.0,0.3818984547461369,0.0,1,1.0,1,104,1,0.0,-1.0
0,0.3333333333333333,0.0,-0.3333333333333333,1.0,0.3294573643410853,0.0,0,0.5,2,104,0,0.0,-0.5
1,0.35353535353535354,4.242424242424242,3.888888888888889,1.0,0.37419354838709673,4.490322580645161,0,1.0,1,104,1,12.0,11.0
1,0.35353535353535354,0.0,-0.35353535353535354,1.0,0.3763440860215054,0.0,1,1.0,2,104,1,0.0,-1.0
1,0.35353535353535354,2.8282828282828283,2.4747474747474745,1.0,0.37209302325581395,2.9767441860465116,1,1.0,2,104,1,8.0,7.0
0,0.3333333333333333,0.0,-0.3333333333333333,1.0,0.3333333333333333,0.0,1,0.5,1,104,0,0.0,-0.5
1,0.35353535353535354,2.8282828282828283,2.4747474747474745,1.0,0.36798336798336795,2.9438669438669436,0,1.0,2,104,1,8.0,7.0
0,0.35353535353535354,0.0,-0.35353535353535354,1.0,0.3700623700623701,0.0,1,1.0,1,104,1,0.0,-1.0
0,0.3333333333333333,0.0,-0.3333333333333333,1.0,0.3372093023255814,0.0,0,0.5,2,104,0,0.0,-0.5
1,0.35353535353535354,1.7676767676767675,1.4141414141414141,1.0,0.3683127572016461,1.8415637860082303,0,1.0,2,104,1,5.0,4.0
1,0.35353535353535354,4.242424242424242,3.888888888888889,1.0,0.3614457831325301,4.337349397590361,1,1.0,2,104,1,12.0,11.0
0,0.35353535353535354,0.0,-0.35353535353535354,1.0,0.3634538152610442,0.0,1,1.0,2,104,1,0.0,-1.0
0,0.35353535353535354,0.0,-0.35353535353535354,1.0,0.3654618473895582,0.0,0,1.0,2,104,1,0.0,-1.0
0,0.3333333333333333,0.0,-0.3333333333333333,1.0,0.34108527131782945,0.0,0,0.5,2,104,0,0.0,-0.5
0,0.3333333333333333,0.0,-0.3333333333333333,1.0,0.3449612403100775,0.0,0,0.5,1,104,0,0.0,-0.5
1,0.35353535353535354,1.7676767676767675,1.4141414141414141,1.0,0.36381709741550694,1.8190854870775346,0,1.0,1,104,1,5.0,4.0
1,0.35353535353535354,0.0,-0.35353535353535354,1.0,0.3658051689860835,0.0,1,1.0,1,104,1,0.0,-1.0
1,0.35353535353535354,0.0,-0.35353535353535354,1.0,0.36779324055666,0.0,1,1.0,1,104,1,0.0,-1.0
1,0.35353535353535354,1.7676767676767675,1.4141414141414141,1.0,0.3661417322834646,1.830708661417323,1,1.0,1,104,1,5.0,4.0
0,0.35353535353535354,0.0,-0.35353535353535354,1.0,0.3681102362204724,0.0,1,1.0,2,104,1,0.0,-1.0
0,0.3333333333333333,2.0,1.6666666666666667,1.0,0.34090909090909094,2.0454545454545454,0,0.5,2,104,0,3.0,2.5
1,0.3333333333333333,0.6666666666666666,0.3333333333333333,1.0,0.34210526315789475,0.6842105263157895,0,0.5,1,104,0,1.0,0.5
0,0.3333333333333333,0.0,-0.3333333333333333,1.0,0.3458646616541353,0.0,1,0.5,1,104,0,0.0,-0.5
0,0.35353535353535354,0.0,-0.35353535353535354,1.0,0.3700787401574803,0.0,0,1.0,2,104,1,0.0,-1.0
1,0.35353535353535354,0.0,-0.35353535353535354,1.0,0.3720472440944882,0.0,0,1.0,2,104,1,0.0,-1.0
1,0.35353535353535354,2.8282828282828283,2.4747474747474745,1.0,0.3682170542635659,2.945736434108527,1,1.0,2,104,1,8.0,7.0
1,0.35353535353535354,1.0606060606060606,0.7070707070707071,1.0,0.36801541425818884,1.1040462427745665,1,1.0,2,104,1,3.0,2.0
1,0.35353535353535354,1.4141414141414141,1.0606060606060606,1.0,0.36711281070745694,1.4684512428298278,1,1.0,2,104,1,4.0,3.0
1,0.35353535353535354,1.4141414141414141,1.0606060606060606,1.0,0.36622390891840606,1.4648956356736242,1,1.0,1,104,1,4.0,3.0
1,0.35353535353535354,0.0,-0.35353535353535354,1.0,0.3681214421252372,0.0,1,1.0,2,104,1,0.0,-1.0
0,0.3333333333333333,2.0,1.6666666666666667,1.0,0.34191176470588236,2.051470588235294,1,0.5,1,104,0,3.0,2.5
0,0.35353535353535354,0.0,-0.35353535353535354,1.0,0.3700189753320683,0.0,0,1.0,1,104,1,0.0,-1.0
1,0.3333333333333333,2.0,1.6666666666666667,1.0,0.3381294964028777,2.028776978417266,0,0.5,2,104,0,3.0,2.5
1,0.3333333333333333,3.3333333333333335,3.0,1.0,0.3298611111111111,3.298611111111111,1,0.5,2,104,0,5.0,4.5
1,0.35353535353535354,2.8282828282828283,2.4747474747474745,1.0,0.36635514018691584,2.9308411214953267,1,1.0,1,104,1,8.0,7.0
1,0.35353535353535354,4.242424242424242,3.888888888888889,1.0,0.3601462522851919,4.321755027422303,1,1.0,2,104,1,12.0,11.0
1,0.35353535353535354,0.0,-0.35353535353535354,1.0,0.36197440585009144,0.0,1,1.0,2,104,1,0.0,-1.0
1,0.3333333333333333,1.3333333333333333,1.0,1.0,0.32876712328767127,1.315068493150685,1,0.5,2,104,0,2.0,1.5
0,0.35353535353535354,1.7676767676767675,1.4141414141414141,1.0,0.3605072463768116,1.8025362318840579,1,1.0,2,104,1,5.0,4.0
1,0.35353535353535354,1.4141414141414141,1.0606060606060606,1.0,0.3597122302158274,1.4388489208633095,0,1.0,2,104,1,4.0,3.0
1,0.35353535353535354,2.4747474747474745,2.121212121212121,1.0,0.3570159857904085,2.4991119005328595,1,1.0,2,104,1,7.0,6.0
0,0.35353535353535354,0.0,-0.35353535353535354,1.0,0.3587921847246892,0.0,1,1.0,1,104,1,0.0,-1.0
1,0.3333333333333333,2.6666666666666665,2.3333333333333335,1.0,0.3233333333333333,2.5866666666666664,0,0.5,2,104,0,4.0,3.5
0,0.35353535353535354,0.0,-0.35353535353535354,1.0,0.3605683836589698,0.0,1,1.0,2,104,1,0.0,-1.0
1,0.35353535353535354,1.7676767676767675,1.4141414141414141,1.0,0.3591549295774648,1.795774647887324,0,1.0,1,104,1,5.0,4.0
1,0.35353535353535354,2.8282828282828283,2.4747474747474745,1.0,0.3559027777777778,2.8472222222222223,1,1.0,2,104,1,8.0,7.0
1,0.35353535353535354,2.121212121212121,1.7676767676767675,1.0,0.3539518900343642,2.1237113402061856,1,1.0,1,104,1,6.0,5.0
0,0.35353535353535354,0.0,-0.35353535353535354,1.0,0.3556701030927835,0.0,1,1.0,2,104,1,0.0,-1.0
0,0.35353535353535354,0.0,-0.35353535353535354,1.0,0.35738831615120276,0.0,0,1.0,1,104,1,0.0,-1.0
0,0.3333333333333333,0.0,-0.3333333333333333,1.0,0.32666666666666666,0.0,0,0.5,1,104,0,0.0,-0.5
0,0.3333333333333333,0.0,-0.3333333333333333,1.0,0.33,0.0,0,0.5,1,104,0,0.0,-0.5
1,0.35353535353535354,2.121212121212121,1.7676767676767675,1.0,0.3554421768707483,2.13265306122449,0,1.0,1,104,1,6.0,5.0
0,0.3333333333333333,0.0,-0.3333333333333333,1.0,0.3333333333333333,0.0,1,0.5,1,104,0,0.0,-0.5
1,0.35353535353535354,2.121212121212121,1.7676767676767675,1.0,0.35353535353535354,2.121212121212121,0,1.0,2,104,1,6.0,5.0
0,0.47297297297297297,0.0,-0.47297297297297297,2.0,1.0,0.0,100,1.0,2,104,1,0.0,-1.0
1,0.47297297297297297,0.0,-0.47297297297297297,2.0,1.0,0.0,0,1.0,2,104,1,0.0,-1.0
1,0.5714285714285714,2.2857142857142856,1.7142857142857142,2.0,0.25,1.0,1,1.0,2,104,0,4.0,3.0
0,0.47297297297297297,0.0,-0.47297297297297297,2.0,1.0,0.0,1,1.0,2,104,1,0.0,-1.0
0,0.47297297297297297,0.0,-0.47297297297297297,2.0,1.0,0.0,0,1.0,2,104,1,0.0,-1.0
1,0.5714285714285714,2.2857142857142856,1.7142857142857142,2.0,0.25,1.0,0,1.0,1,104,0,4.0,3.0
0,0.47297297297297297,0.0,-0.47297297297297297,2.0,1.0,0.0,1,1.0,1,104,1,0.0,-1.0
0,0.47297297297297297,0.0,-0.47297297297297297,2.0,1.0,0.0,0,1.0,1,104,1,0.0,-1.0
1,0.47297297297297297,2.8378378378378377,2.364864864864865,2.0,1.1666666666666667,7.0,0,1.0,2,104,1,6.0,5.0
1,0.47297297297297297,4.72972972972973,4.256756756756757,2.0,0.5,5.0,1,1.0,1,104,1,10.0,9.0
1,0.47297297297297297,0.0,-0.47297297297297297,2.0,0.5625,0.0,1,1.0,2,104,1,0.0,-1.0
1,0.47297297297297297,4.72972972972973,4.256756756756757,2.0,0.3846153846153846,3.846153846153846,1,1.0,1,104,1,10.0,9.0
0,0.47297297297297297,0.0,-0.47297297297297297,2.0,0.4230769230769231,0.0,1,1.0,2,104,1,0.0,-1.0
1,0.5714285714285714,1.1428571428571428,0.5714285714285714,2.0,0.3,0.6,0,1.0,1,104,0,2.0,1.0
1,0.47297297297297297,0.0,-0.47297297297297297,2.0,0.46153846153846156,0.0,1,1.0,1,104,1,0.0,-1.0
0,0.47297297297297297,0.0,-0.47297297297297297,2.0,0.5,0.0,1,1.0,1,104,1,0.0,-1.0
1,0.47297297297297297,3.7837837837837838,3.310810810810811,2.0,0.411764705882353,3.294117647058824,0,1.0,2,104,1,8.0,7.0
0,0.47297297297297297,0.0,-0.47297297297297297,2.0,0.4411764705882353,0.0,1,1.0,1,104,1,0.0,-1.0
1,0.47297297297297297,3.7837837837837838,3.310810810810811,2.0,0.38095238095238093,3.0476190476190474,0,1.0,1,104,1,8.0,7.0
0,0.5714285714285714,0.0,-0.5714285714285714,2.0,0.4,0.0,1,1.0,2,104,0,0.0,-1.0
0,0.47297297297297297,0.0,-0.47297297297297297,2.0,0.40476190476190477,0.0,0,1.0,2,104,1,0.0,-1.0
0,0.5714285714285714,0.0,-0.5714285714285714,2.0,0.5,0.0,0,1.0,2,104,0,0.0,-1.0
0,0.47297297297297297,0.0,-0.47297297297297297,2.0,0.42857142857142855,0.0,0,1.0,2,104,1,0.0,-1.0
0,0.47297297297297297,0.0,-0.47297297297297297,2.0,0.45238095238095233,0.0,0,1.0,1,104,1,0.0,-1.0
1,0.5714285714285714,4.571428571428571,4.0,2.0,0.3333333333333333,2.6666666666666665,0,1.0,2,104,0,8.0,7.0
1,0.47297297297297297,0.0,-0.47297297297297297,2.0,0.47619047619047616,0.0,1,1.0,2,104,1,0.0,-1.0
1,0.47297297297297297,3.310810810810811,2.8378378378378377,2.0,0.42857142857142855,3.0,1,1.0,1,104,1,7.0,6.0
0,0.5714285714285714,0.0,-0.5714285714285714,2.0,0.38888888888888884,0.0,1,1.0,2,104,0,0.0,-1.0
0,0.47297297297297297,0.0,-0.47297297297297297,2.0,0.44897959183673475,0.0,0,1.0,1,104,1,0.0,-1.0
1,0.5714285714285714,0.0,-0.5714285714285714,2.0,0.4444444444444444,0.0,0,1.0,1,104,0,0.0,-1.0
0,0.47297297297297297,0.0,-0.47297297297297297,2.0,0.4693877551020408,0.0,1,1.0,2,104,1,0.0,-1.0
0,0.5714285714285714,0.0,-0.5714285714285714,2.0,0.5,0.0,0,1.0,2,104,0,0.0,-1.0
1,0.47297297297297297,0.0,-0.47297297297297297,2.0,0.489795918367347,0.0,0,1.0,2,104,1,0.0,-1.0
0,0.5714285714285714,0.0,-0.5714285714285714,2.0,0.5555555555555556,0.0,1,1.0,1,104,0,0.0,-1.0
1,0.47297297297297297,4.72972972972973,4.256756756756757,2.0,0.42372881355932207,4.237288135593221,0,1.0,2,104,1,10.0,9.0
0,0.5714285714285714,0.0,-0.5714285714285714,2.0,0.611111111111111,0.0,1,1.0,1,104,0,0.0,-1.0
1,0.47297297297297297,6.148648648648648,5.675675675675675,2.0,0.3611111111111111,4.694444444444445,0,1.0,1,104,1,13.0,12.0
0,0.47297297297297297,0.0,-0.47297297297297297,2.0,0.375,0.0,1,1.0,1,104,1,0.0,-1.0
0,0.47297297297297297,0.0,-0.47297297297297297,2.0,0.38888888888888884,0.0,0,1.0,1,104,1,0.0,-1.0
0,0.47297297297297297,0.0,-0.47297297297297297,2.0,0.4027777777777778,0.0,0,1.0,2,104,1,0.0,-1.0
0,0.47297297297297297,0.0,-0.47297297297297297,2.0,0.4166666666666667,0.0,0,1.0,1,104,1,0.0,-1.0
1,0.5714285714285714,3.4285714285714284,2.857142857142857,2.0,0.5,3.0,0,1.0,2,104,0,6.0,5.0
0,0.47297297297297297,0.0,-0.47297297297297297,2.0,0.4305555555555555,0.0,1,1.0,1,104,1,0.0,-1.0
0,0.5714285714285714,0.0,-0.5714285714285714,2.0,0.5416666666666666,0.0,0,1.0,2,104,0,0.0,-1.0
0,0.5714285714285714,0.0,-0.5714285714285714,2.0,0.5833333333333334,0.0,0,1.0,1,104,0,0.0,-1.0
0,0.47297297297297297,0.0,-0.47297297297297297,2.0,0.4444444444444444,0.0,0,1.0,2,104,1,0.0,-1.0
0,0.5714285714285714,0.0,-0.5714285714285714,2.0,0.625,0.0,0,1.0,2,104,0,0.0,-1.0
1,0.47297297297297297,5.202702702702703,4.72972972972973,2.0,0.39759036144578314,4.373493975903615,0,1.0,2,104,1,11.0,10.0
0,0.47297297297297297,0.0,-0.47297297297297297,2.0,0.40963855421686746,0.0,1,1.0,1,104,1,0.0,-1.0
1,0.5714285714285714,0.0,-0.5714285714285714,2.0,0.6666666666666666,0.0,0,1.0,1,104,0,0.0,-1.0
0,0.47297297297297297,0.0,-0.47297297297297297,2.0,0.42168674698795183,0.0,1,1.0,1,104,1,0.0,-1.0
1,0.47297297297297297,3.7837837837837838,3.310810810810811,2.0,0.39560439560439564,3.164835164835165,0,1.0,2,104,1,8.0,7.0
0,0.5714285714285714,0.0,-0.5714285714285714,2.0,0.7083333333333333,0.0,1,1.0,1,104,0,0.0,-1.0
0,0.47297297297297297,0.0,-0.47297297297297297,2.0,0.40659340659340654,0.0,0,1.0,2,104,1,0.0,-1.0
1,0.47297297297297297,4.256756756756757,3.7837837837837838,2.0,0.37999999999999995,3.42,0,1.0,2,104,1,9.0,8.0
0,0.5714285714285714,0.0,-0.5714285714285714,2.0,0.75,0.0,1,1.0,2,104,0,0.0,-1.0
0,0.47297297297297297,0.0,-0.47297297297297297,2.0,0.38999999999999996,0.0,0,1.0,1,104,1,0.0,-1.0
1,0.5714285714285714,3.4285714285714284,2.857142857142857,2.0,0.6333333333333333,3.8,0,1.0,1,104,0,6.0,5.0
0,0.47297297297297297,0.0,-0.47297297297297297,2.0,0.4,0.0,1,1.0,1,104,1,0.0,-1.0
0,0.47297297297297297,0.0,-0.47297297297297297,2.0,0.41000000000000003,0.0,0,1.0,2,104,1,0.0,-1.0
1,0.47297297297297297,0.0,-0.47297297297297297,2.0,0.42,0.0,0,1.0,1,104,1,0.0,-1.0
1,0.5714285714285714,2.857142857142857,2.2857142857142856,2.0,0.5714285714285714,2.857142857142857,1,1.0,2,104,0,5.0,4.0
1,0.47297297297297297,3.310810810810811,2.8378378378378377,2.0,0.40186915887850466,2.8130841121495327,100,1.0,1,104,1,7.0,6.0
0,0.47297297297297297,0.0,-0.47297297297297297,2.0,0.4112149532710281,0.0,1,1.0,2,104,1,0.0,-1.0
0,0.47297297297297297,0.0,-0.47297297297297297,2.0,0.4205607476635514,0.0,0,1.0,2,104,1,0.0,-1.0
1,0.5714285714285714,2.857142857142857,2.2857142857142856,2.0,0.525,2.625,0,1.0,1,104,0,5.0,4.0
0,0.47297297297297297,0.0,-0.47297297297297297,2.0,0.42990654205607476,0.0,1,1.0,2,104,1,0.0,-1.0
0,0.47297297297297297,0.0,-0.47297297297297297,2.0,0.4392523364485981,0.0,0,1.0,2,104,1,0.0,-1.0
0,0.5714285714285714,0.0,-0.5714285714285714,2.0,0.55,0.0,0,1.0,1,104,0,0.0,-1.0
0,0.47297297297297297,0.0,-0.47297297297297297,2.0,0.44859813084112155,0.0,0,1.0,1,104,1,0.0,-1.0
0,0.5714285714285714,0.0,-0.5714285714285714,2.0,0.5750000000000001,0.0,0,1.0,1,104,0,0.0,-1.0
0,0.47297297297297297,0.0,-0.47297297297297297,2.0,0.45794392523364486,0.0,0,1.0,1,104,1,0.0,-1.0
1,0.5714285714285714,2.2857142857142856,1.7142857142857142,2.0,0.5454545454545455,2.181818181818182,0,1.0,2,104,0,4.0,3.0
1,0.47297297297297297,0.0,-0.47297297297297297,2.0,0.4672897196261682,0.0,1,1.0,2,104,1,0.0,-1.0
1,0.5714285714285714,0.0,-0.5714285714285714,2.0,0.5681818181818182,0.0,1,1.0,2,104,0,0.0,-1.0
0,0.5714285714285714,0.0,-0.5714285714285714,2.0,0.5909090909090909,0.0,1,1.0,2,104,0,0.0,-1.0
0,0.47297297297297297,0.0,-0.47297297297297297,2.0,0.4766355140186916,0.0,0,1.0,2,104,1,0.0,-1.0
1,0.5714285714285714,3.4285714285714284,2.857142857142857,2.0,0.54,3.2399999999999998,0,1.0,1,104,0,6.0,5.0
1,0.47297297297297297,4.72972972972973,4.256756756756757,2.0,0.4444444444444444,4.444444444444445,1,1.0,2,104,1,10.0,9.0
0,0.47297297297297297,0.0,-0.47297297297297297,2.0,0.45299145299145294,0.0,1,1.0,2,104,1,0.0,-1.0
0,0.5714285714285714,0.0,-0.5714285714285714,2.0,0.5599999999999999,0.0,0,1.0,1,104,0,0.0,-1.0
0,0.5714285714285714,0.0,-0.5714285714285714,2.0,0.5800000000000001,0.0,0,1.0,2,104,0,0.0,-1.0
1,0.47297297297297297,4.256756756756757,3.7837837837837838,2.0,0.42857142857142855,3.8571428571428568,0,1.0,2,104,1,9.0,8.0
0,0.47297297297297297,0.0,-0.47297297297297297,2.0,0.4365079365079365,0.0,1,1.0,2,104,1,0.0,-1.0
1,0.47297297297297297,0.0,-0.47297297297297297,2.0,0.4444444444444444,0.0,0,1.0,2,104,1,0.0,-1.0
1,0.47297297297297297,4.256756756756757,3.7837837837837838,2.0,0.4222222222222223,3.8000000000000003,1,1.0,2,104,1,9.0,8.0
0,0.47297297297297297,0.0,-0.47297297297297297,2.0,0.42962962962962964,0.0,1,1.0,1,104,1,0.0,-1.0
0,0.47297297297297297,0.0,-0.47297297297297297,2.0,0.437037037037037,0.0,0,1.0,1,104,1,0.0,-1.0
1,0.47297297297297297,0.0,-0.47297297297297297,2.0,0.4444444444444444,0.0,0,1.0,1,104,1,0.0,-1.0
1,0.5714285714285714,3.4285714285714284,2.857142857142857,2.0,0.5357142857142857,3.2142857142857144,1,1.0,1,104,0,6.0,5.0
0,0.47297297297297297,0.0,-0.47297297297297297,2.0,0.45185185185185184,0.0,1,1.0,2,104,1,0.0,-1.0
1,0.47297297297297297,0.0,-0.47297297297297297,2.0,0.4592592592592593,0.0,0,1.0,1,104,1,0.0,-1.0
1,0.47297297297297297,2.8378378378378377,2.364864864864865,2.0,0.44680851063829785,2.6808510638297873,1,1.0,1,104,1,6.0,5.0
0,0.47297297297297297,0.0,-0.47297297297297297,2.0,0.45390070921985815,0.0,1,1.0,1,104,1,0.0,-1.0
1,0.47297297297297297,4.256756756756757,3.7837837837837838,2.0,0.43333333333333335,3.9000000000000004,0,1.0,1,104,1,9.0,8.0
1,0.47297297297297297,0.0,-0.47297297297297297,2.0,0.43999999999999995,0.0,1,1.0,1,104,1,0.0,-1.0
1,0.5714285714285714,2.2857142857142856,1.7142857142857142,2.0,0.5166666666666666,2.0666666666666664,1,1.0,1,104,0,4.0,3.0
0,0.47297297297297297,0.0,-0.47297297297297297,2.0,0.4466666666666667,0.0,1,1.0,2,104,1,0.0,-1.0
1,0.5714285714285714,0.0,-0.5714285714285714,2.0,0.5333333333333333,0.0,0,1.0,1,104,0,0.0,-1.0
0,0.47297297297297297,0.0,-0.47297297297297297,2.0,0.4533333333333333,0.0,1,1.0,1,104,1,0.0,-1.0
1,0.47297297297297297,0.0,-0.47297297297297297,2.0,0.46,0.0,0,1.0,2,104,1,0.0,-1.0
0,0.5714285714285714,0.0,-0.5714285714285714,2.0,0.55,0.0,1,1.0,2,104,0,0.0,-1.0
1,0.47297297297297297,3.7837837837837838,3.310810810810811,2.0,0.44303797468354433,3.5443037974683547,0,1.0,1,104,1,8.0,7.0
1,0.47297297297297297,0.0,-0.47297297297297297,2.0,0.4493670886075949,0.0,1,1.0,1,104,1,0.0,-1.0
1,0.47297297297297297,5.202702702702703,4.72972972972973,2.0,0.42603550295857984,4.686390532544379,1,1.0,1,104,1,11.0,10.0
0,0.5714285714285714,0.0,-0.5714285714285714,2.0,0.5666666666666667,0.0,1,1.0,1,104,0,0.0,-1.0
0,0.47297297297297297,0.0,-0.47297297297297297,2.0,0.43195266272189353,0.0,0,1.0,2,104,1,0.0,-1.0
1,0.5714285714285714,0.0,-0.5714285714285714,2.0,0.5833333333333334,0.0,0,1.0,1,104,0,0.0,-1.0
0,0.5714285714285714,0.0,-0.5714285714285714,2.0,0.6,0.0,1,1.0,2,104,0,0.0,-1.0
0,0.47297297297297297,0.0,-0.47297297297297297,2.0,0.4378698224852071,0.0,0,1.0,2,104,1,0.0,-1.0
0,0.47297297297297297,0.0,-0.47297297297297297,2.0,0.4437869822485207,0.0,0,1.0,1,104,1,0.0,-1.0
1,0.5714285714285714,1.1428571428571428,0.5714285714285714,2.0,0.5967741935483871,1.1935483870967742,0,1.0,1,104,0,2.0,1.0
0,0.47297297297297297,0.0,-0.47297297297297297,2.0,0.4497041420118343,0.0,1,1.0,1,104,1,0.0,-1.0
0,0.47297297297297297,0.0,-0.47297297297297297,2.0,0.4556213017751479,0.0,0,1.0,1,104,1,0.0,-1.0
0,0.47297297297297297,0.0,-0.47297297297297297,2.0,0.46153846153846156,0.0,0,1.0,1,104,1,0.0,-1.0
1,0.47297297297297297,0.0,-0.47297297297297297,2.0,0.4674556213017752,0.0,0,1.0,2,104,1,0.0,-1.0
1,0.47297297297297297,4.256756756756757,3.7837837837837838,2.0,0.449438202247191,4.044943820224719,1,1.0,1,104,1,9.0,8.0
0,0.47297297297297297,0.0,-0.47297297297297297,2.0,0.4550561797752809,0.0,1,1.0,1,104,1,0.0,-1.0
0,0.47297297297297297,0.0,-0.47297297297297297,2.0,0.46067415730337075,0.0,0,1.0,2,104,1,0.0,-1.0
1,0.5714285714285714,4.571428571428571,4.0,2.0,0.5428571428571428,4.3428571428571425,0,1.0,1,104,0,8.0,7.0
0,0.5714285714285714,0.0,-0.5714285714285714,2.0,0.5571428571428572,0.0,1,1.0,2,104,0,0.0,-1.0
0,0.47297297297297297,0.0,-0.47297297297297297,2.0,0.46629213483146065,0.0,0,1.0,2,104,1,0.0,-1.0
0,0.5714285714285714,0.0,-0.5714285714285714,2.0,0.5714285714285714,0.0,0,1.0,1,104,0,0.0,-1.0
1,0.47297297297297297,2.364864864864865,1.8918918918918919,2.0,0.459016393442623,2.295081967213115,0,1.0,2,104,1,5.0,4.0
0,0.47297297297297297,0.0,-0.47297297297297297,2.0,0.4644808743169399,0.0,100,1.0,2,104,1,0.0,-1.0
0,0.47297297297297297,0.0,-0.47297297297297297,2.0,0.46994535519125685,0.0,0,1.0,2,104,1,0.0,-1.0
1,0.47297297297297297,0.47297297297297297,0.0,2.0,0.47282608695652173,0.47282608695652173,0,1.0,2,104,1,1.0,0.0
1,0.5714285714285714,3.4285714285714284,2.857142857142857,2.0,0.5394736842105263,3.2368421052631575,1,1.0,2,104,0,6.0,5.0
0,0.47297297297297297,0.0,-0.47297297297297297,2.0,0.4782608695652174,0.0,1,1.0,2,104,1,0.0,-1.0
0,0.47297297297297297,0.0,-0.47297297297297297,2.0,0.483695652173913,0.0,0,1.0,1,104,1,0.0,-1.0
0,0.47297297297297297,0.0,-0.47297297297297297,2.0,0.48913043478260876,0.0,0,1.0,1,104,1,0.0,-1.0
0,0.47297297297297297,0.0,-0.47297297297297297,2.0,0.4945652173913044,0.0,0,1.0,2,104,1,0.0,-1.0
0,0.47297297297297297,0.0,-0.47297297297297297,2.0,0.5,0.0,0,1.0,1,104,1,0.0,-1.0
0,0.47297297297297297,0.0,-0.47297297297297297,2.0,0.5054347826086957,0.0,0,1.0,1,104,1,0.0,-1.0
0,0.47297297297297297,0.0,-0.47297297297297297,2.0,0.5108695652173914,0.0,0,1.0,1,104,1,0.0,-1.0
1,0.5714285714285714,1.1428571428571428,0.5714285714285714,2.0,0.5384615384615384,1.0769230769230769,0,1.0,1,104,0,2.0,1.0
1,0.5714285714285714,2.2857142857142856,1.7142857142857142,2.0,0.524390243902439,2.097560975609756,1,1.0,2,104,0,4.0,3.0
0,0.5714285714285714,0.0,-0.5714285714285714,2.0,0.5365853658536586,0.0,1,1.0,2,104,0,0.0,-1.0
0,0.47297297297297297,0.0,-0.47297297297297297,2.0,0.5163043478260869,0.0,0,1.0,1,104,1,0.0,-1.0
1,0.5714285714285714,2.2857142857142856,1.7142857142857142,2.0,0.5232558139534883,2.093023255813953,0,1.0,1,104,0,4.0,3.0
0,0.5714285714285714,0.0,-0.5714285714285714,2.0,0.5348837209302325,0.0,1,1.0,2,104,0,0.0,-1.0
0,0.47297297297297297,0.0,-0.47297297297297297,2.0,0.5217391304347826,0.0,0,1.0,1,104,1,0.0,-1.0
1,0.47297297297297297,4.72972972972973,4.256756756756757,2.0,0.5,5.0,0,1.0,2,104,1,10.0,9.0
1,0.5714285714285714,0.0,-0.5714285714285714,2.0,0.5465116279069767,0.0,1,1.0,2,104,0,0.0,-1.0
0,0.5714285714285714,0.0,-0.5714285714285714,2.0,0.5581395348837209,0.0,1,1.0,1,104,0,0.0,-1.0
1,0.47297297297297297,4.256756756756757,3.7837837837837838,2.0,0.48275862068965514,4.344827586206896,0,1.0,1,104,1,9.0,8.0
0,0.5714285714285714,0.0,-0.5714285714285714,2.0,0.5697674418604651,0.0,1,1.0,1,104,0,0.0,-1.0
0,0.47297297297297297,0.0,-0.47297297297297297,2.0,0.48768472906403937,0.0,0,1.0,2,104,1,0.0,-1.0
1,0.47297297297297297,5.675675675675675,5.202702702702703,2.0,0.46511627906976744,5.5813953488372094,0,1.0,1,104,1,12.0,11.0
1,0.5714285714285714,4.571428571428571,4.0,2.0,0.5319148936170213,4.25531914893617,1,1.0,1,104,0,8.0,7.0
0,0.47297297297297297,0.0,-0.47297297297297297,2.0,0.4697674418604651,0.0,1,1.0,1,104,1,0.0,-1.0
0,0.47297297297297297,0.0,-0.47297297297297297,2.0,0.47441860465116276,0.0,0,1.0,1,104,1,0.0,-1.0
1,0.5714285714285714,0.0,-0.5714285714285714,2.0,0.5425531914893618,0.0,0,1.0,1,104,0,0.0,-1.0
0,0.5714285714285714,0.0,-0.5714285714285714,2.0,0.5531914893617021,0.0,1,1.0,1,104,0,0.0,-1.0
1,0.47297297297297297,3.310810810810811,2.8378378378378377,2.0,0.463963963963964,3.2477477477477477,0,1.0,2,104,1,7.0,6.0
0,0.47297297297297297,0.0,-0.47297297297297297,2.0,0.46846846846846846,0.0,1,1.0,2,104,1,0.0,-1.0
0,0.47297297297297297,0.0,-0.47297297297297297,2.0,0.47297297297297297,0.0,0,1.0,1,104,1,0.0,-1.0
0,0.47297297297297297,0.0,-0.47297297297297297,2.0,0.47747747747747743,0.0,0,1.0,2,104,1,0.0,-1.0
0,0.47297297297297297,0.0,-0.47297297297297297,2.0,0.481981981981982,0.0,0,1.0,1,104,1,0.0,-1.0
0,0.47297297297297297,0.0,-0.47297297297297297,2.0,0.4864864864864865,0.0,0,1.0,1,104,1,0.0,-1.0
0,0.5714285714285714,0.0,-0.5714285714285714,2.0,0.5638297872340425,0.0,0,1.0,2,104,0,0.0,-1.0
0,0.5714285714285714,0.0,-0.5714285714285714,2.0,0.574468085106383,0.0,0,1.0,2,104,0,0.0,-1.0
1,0.47297297297297297,1.8918918918918919,1.4189189189189189,2.0,0.4823008849557522,1.9292035398230087,0,1.0,1,104,1,4.0,3.0
0,0.47297297297297297,0.0,-0.47297297297297297,2.0,0.48672566371681414,0.0,1,1.0,2,104,1,0.0,-1.0
0,0.47297297297297297,0.0,-0.47297297297297297,2.0,0.4911504424778761,0.0,0,1.0,1,104,1,0.0,-1.0
1,0.47297297297297297,1.4189189189189189,0.9459459459459459,2.0,0.4890829694323144,1.467248908296943,0,1.0,2,104,1,3.0,2.0
0,0.47297297297297297,0.0,-0.47297297297297297,2.0,0.4934497816593887,0.0,1,1.0,2,104,1,0.0,-1.0
0,0.47297297297297297,0.0,-0.47297297297297297,2.0,0.49781659388646293,0.0,0,1.0,2,104,1,0.0,-1.0
1,0.5714285714285714,2.857142857142857,2.2857142857142856,2.0,0.5555555555555556,2.7777777777777777,0,1.0,2,104,0,5.0,4.0
0,0.47297297297297297,0.0,-0.47297297297297297,2.0,0.5021834061135371,0.0,1,1.0,2,104,1,0.0,-1.0
1,0.5714285714285714,3.4285714285714284,2.857142857142857,2.0,0.5333333333333333,3.2,0,1.0,1,104,0,6.0,5.0
0,0.47297297297297297,0.0,-0.47297297297297297,2.0,0.5065502183406114,0.0,1,1.0,1,104,1,0.0,-1.0
1,0.47297297297297297,3.7837837837837838,3.310810810810811,2.0,0.4936708860759494,3.949367088607595,0,1.0,2,104,1,8.0,7.0
1,0.47297297297297297,4.256756756756757,3.7837837837837838,2.0,0.4796747967479674,4.317073170731707,1,1.0,1,104,1,9.0,8.0
1,0.47297297297297297,3.7837837837837838,3.310810810810811,2.0,0.468503937007874,3.748031496062992,1,1.0,1,104,1,8.0,7.0
0,0.5714285714285714,0.0,-0.5714285714285714,2.0,0.5428571428571428,0.0,1,1.0,2,104,0,0.0,-1.0
0,0.47297297297297297,0.0,-0.47297297297297297,2.0,0.47244094488188976,0.0,0,1.0,2,104,1,0.0,-1.0
0,0.47297297297297297,0.0,-0.47297297297297297,2.0,0.4763779527559055,0.0,0,1.0,2,104,1,0.0,-1.0
0,0.5714285714285714,0.0,-0.5714285714285714,2.0,0.5523809523809524,0.0,0,1.0,1,104,0,0.0,-1.0
1,0.47297297297297297,4.256756756756757,3.7837837837837838,2.0,0.46387832699619774,4.17490494296578,0,1.0,1,104,1,9.0,8.0
0,0.5714285714285714,0.0,-0.5714285714285714,2.0,0.5619047619047619,0.0,1,1.0,1,104,0,0.0,-1.0
0,0.47297297297297297,0.0,-0.47297297297297297,2.0,0.467680608365019,0.0,0,1.0,2,104,1,0.0,-1.0
1,0.47297297297297297,0.0,-0.47297297297297297,2.0,0.4714828897338403,0.0,0,1.0,1,104,1,0.0,-1.0
0,0.47297297297297297,0.0,-0.47297297297297297,2.0,0.4790874524714829,0.0,100,1.0,2,104,1,0.0,-1.0
0,0.5714285714285714,0.0,-0.5714285714285714,2.0,0.5714285714285714,0.0,0,1.0,1,104,0,0.0,-1.0
0,0.47297297297297297,0.0,-0.47297297297297297,2.0,0.4828897338403042,0.0,100,1.0,1,104,1,0.0,-1.0
1,0.47297297297297297,0.0,-0.47297297297297297,2.0,0.4866920152091255,0.0,0,1.0,2,104,1,0.0,-1.0
1,0.47297297297297297,3.7837837837837838,3.310810810810811,2.0,0.4760147601476014,3.8081180811808113,1,1.0,1,104,1,8.0,7.0
0,0.47297297297297297,0.0,-0.47297297297297297,2.0,0.4797047970479704,0.0,1,1.0,2,104,1,0.0,-1.0
1,0.47297297297297297,4.256756756756757,3.7837837837837838,2.0,0.46785714285714286,4.210714285714285,0,1.0,2,104,1,9.0,8.0
0,0.47297297297297297,0.0,-0.47297297297297297,2.0,0.4714285714285715,0.0,1,1.0,1,104,1,0.0,-1.0
1,0.47297297297297297,0.0,-0.47297297297297297,2.0,0.47500000000000003,0.0,0,1.0,1,104,1,0.0,-1.0
1,0.47297297297297297,0.0,-0.47297297297297297,2.0,0.4785714285714286,0.0,1,1.0,1,104,1,0.0,-1.0
1,0.5714285714285714,2.2857142857142856,1.7142857142857142,2.0,0.5596330275229358,2.238532110091743,1,1.0,2,104,0,4.0,3.0
0,0.5714285714285714,0.0,-0.5714285714285714,2.0,0.5688073394495413,0.0,1,1.0,2,104,0,0.0,-1.0
0,0.47297297297297297,0.0,-0.47297297297297297,2.0,0.48214285714285715,0.0,0,1.0,1,104,1,0.0,-1.0
0,0.47297297297297297,0.0,-0.47297297297297297,2.0,0.48571428571428577,0.0,0,1.0,2,104,1,0.0,-1.0
1,0.5714285714285714,1.1428571428571428,0.5714285714285714,2.0,0.5675675675675675,1.135135135135135,0,1.0,2,104,0,2.0,1.0
0,0.5714285714285714,0.0,-0.5714285714285714,2.0,0.5765765765765766,0.0,1,1.0,1,104,0,0.0,-1.0
1,0.47297297297297297,3.310810810810811,2.8378378378378377,2.0,0.4773519163763066,3.341463414634146,0,1.0,2,104,1,7.0,6.0
0,0.47297297297297297,0.0,-0.47297297297297297,2.0,0.48083623693379796,0.0,1,1.0,1,104,1,0.0,-1.0
0,0.47297297297297297,0.0,-0.47297297297297297,2.0,0.4843205574912892,0.0,0,1.0,2,104,1,0.0,-1.0
0,0.47297297297297297,0.0,-0.47297297297297297,2.0,0.48780487804878053,0.0,0,1.0,1,104,1,0.0,-1.0
1,0.5714285714285714,2.857142857142857,2.2857142857142856,2.0,0.5603448275862069,2.8017241379310343,0,1.0,1,104,0,5.0,4.0
1,0.47297297297297297,4.72972972972973,4.256756756756757,2.0,0.4747474747474748,4.747474747474748,1,1.0,1,104,1,10.0,9.0
0,0.5714285714285714,0.0,-0.5714285714285714,2.0,0.5689655172413793,0.0,1,1.0,1,104,0,0.0,-1.0
0,0.47297297297297297,0.0,-0.47297297297297297,2.0,0.4781144781144781,0.0,0,1.0,2,104,1,0.0,-1.0
1,0.47297297297297297,0.9459459459459459,0.47297297297297297,2.0,0.4782608695652174,0.9565217391304348,0,1.0,1,104,1,2.0,1.0
0,0.5714285714285714,0.0,-0.5714285714285714,2.0,0.5775862068965517,0.0,1,1.0,2,104,0,0.0,-1.0
1,0.47297297297297297,0.0,-0.47297297297297297,2.0,0.4816053511705686,0.0,0,1.0,1,104,1,0.0,-1.0
1,0.5714285714285714,2.2857142857142856,1.7142857142857142,2.0,0.5666666666666667,2.2666666666666666,1,1.0,1,104,0,4.0,3.0
0,0.47297297297297297,0.0,-0.47297297297297297,2.0,0.48494983277591974,0.0,1,1.0,1,104,1,0.0,-1.0
0,0.5714285714285714,0.0,-0.5714285714285714,2.0,0.5750000000000001,0.0,0,1.0,2,104,0,0.0,-1.0
1,0.47297297297297297,0.0,-0.47297297297297297,2.0,0.4882943143812709,0.0,0,1.0,1,104,1,0.0,-1.0
1,0.5714285714285714,0.0,-0.5714285714285714,2.0,0.5833333333333334,0.0,1,1.0,1,104,0,0.0,-1.0
1,0.47297297297297297,4.72972972972973,4.256756756756757,2.0,0.47572815533980584,4.757281553398059,1,1.0,1,104,1,10.0,9.0
0,0.5714285714285714,0.0,-0.5714285714285714,2.0,0.5916666666666667,0.0,1,1.0,2,104,0,0.0,-1.0
0,0.47297297297297297,0.0,-0.47297297297297297,2.0,0.4789644012944984,0.0,0,1.0,1,104,1,0.0,-1.0
0,0.47297297297297297,0.0,-0.47297297297297297,2.0,0.482200647249191,0.0,0,1.0,2,104,1,0.0,-1.0
0,0.5714285714285714,0.0,-0.5714285714285714,2.0,0.6,0.0,0,1.0,1,104,0,0.0,-1.0
0,0.47297297297297297,0.0,-0.47297297297297297,2.0,0.4854368932038835,0.0,0,1.0,2,104,1,0.0,-1.0
0,0.5714285714285714,0.0,-0.5714285714285714,2.0,0.6083333333333334,0.0,0,1.0,1,104,0,0.0,-1.0
0,0.5714285714285714,0.0,-0.5714285714285714,2.0,0.6166666666666666,0.0,0,1.0,2,104,0,0.0,-1.0
1,0.47297297297297297,0.0,-0.47297297297297297,2.0,0.4886731391585761,0.0,0,1.0,1,104,1,0.0,-1.0
0,0.47297297297297297,0.0,-0.47297297297297297,2.0,0.4919093851132686,0.0,1,1.0,1,104,1,0.0,-1.0
0,0.5714285714285714,0.0,-0.5714285714285714,2.0,0.625,0.0,0,1.0,1,104,0,0.0,-1.0
0,0.47297297297297297,0.0,-0.47297297297297297,2.0,0.49514563106796117,0.0,0,1.0,2,104,1,0.0,-1.0
0,0.47297297297297297,0.0,-0.47297297297297297,2.0,0.4983818770226537,0.0,0,1.0,2,104,1,0.0,-1.0
0,0.47297297297297297,0.0,-0.47297297297297297,2.0,0.5016181229773462,0.0,0,1.0,2,104,1,0.0,-1.0
0,0.47297297297297297,0.0,-0.47297297297297297,2.0,0.5048543689320388,0.0,0,1.0,1,104,1,0.0,-1.0
1,0.5714285714285714,4.571428571428571,4.0,2.0,0.59375,4.75,0,1.0,2,104,0,8.0,7.0
0,0.47297297297297297,0.0,-0.47297297297297297,2.0,0.5080906148867314,0.0,1,1.0,2,104,1,0.0,-1.0
0,0.47297297297297297,0.0,-0.47297297297297297,2.0,0.511326860841424,0.0,0,1.0,2,104,1,0.0,-1.0
1,0.47297297297297297,3.310810810810811,2.8378378378378377,2.0,0.5031645569620253,3.5221518987341773,0,1.0,2,104,1,7.0,6.0
0,0.47297297297297297,0.0,-0.47297297297297297,2.0,0.5063291139240506,0.0,1,1.0,2,104,1,0.0,-1.0
1,0.5714285714285714,3.4285714285714284,2.857142857142857,2.0,0.5746268656716418,3.4477611940298507,0,1.0,1,104,0,6.0,5.0
1,0.47297297297297297,6.148648648648648,5.675675675675675,2.0,0.4893617021276595,6.361702127659574,1,1.0,2,104,1,13.0,12.0
0,0.5714285714285714,0.0,-0.5714285714285714,2.0,0.582089552238806,0.0,1,1.0,1,104,0,0.0,-1.0
1,0.47297297297297297,3.310810810810811,2.8378378378378377,2.0,0.48214285714285715,3.375,0,1.0,1,104,1,7.0,6.0
0,0.47297297297297297,0.0,-0.47297297297297297,2.0,0.4851190476190476,0.0,1,1.0,2,104,1,0.0,-1.0
0,0.5714285714285714,0.0,-0.5714285714285714,2.0,0.5895522388059702,0.0,0,1.0,1,104,0,0.0,-1.0
1,0.47297297297297297,4.72972972972973,4.256756756756757,2.0,0.47398843930635837,4.7398843930635834,0,1.0,1,104,1,10.0,9.0
0,0.47297297297297297,0.0,-0.47297297297297297,2.0,0.47687861271676296,0.0,1,1.0,2,104,1,0.0,-1.0
1,0.5714285714285714,3.4285714285714284,2.857142857142857,2.0,0.5714285714285714,3.4285714285714284,0,1.0,2,104,0,6.0,5.0
0,0.47297297297297297,0.0,-0.47297297297297297,2.0,0.4797687861271676,0.0,1,1.0,1,104,1,0.0,-1.0
0,0.47297297297297297,0.0,-0.47297297297297297,2.0,0.4826589595375722,0.0,0,1.0,2,104,1,0.0,-1.0
0,0.47297297297297297,0.0,-0.47297297297297297,2.0,0.4855491329479769,0.0,0,1.0,1,104,1,0.0,-1.0
1,0.47297297297297297,3.7837837837837838,3.310810810810811,2.0,0.4774011299435028,3.8192090395480225,100,1.0,1,104,1,8.0,7.0
0,0.5714285714285714,0.0,-0.5714285714285714,2.0,0.5785714285714286,0.0,1,1.0,1,104,0,0.0,-1.0
0,0.5714285714285714,0.0,-0.5714285714285714,2.0,0.5857142857142857,0.0,0,1.0,2,104,0,0.0,-1.0
0,0.47297297297297297,0.0,-0.47297297297297297,2.0,0.48022598870056493,0.0,0,1.0,1,104,1,0.0,-1.0
1,0.47297297297297297,4.72972972972973,4.256756756756757,2.0,0.4697802197802198,4.697802197802198,0,1.0,2,104,1,10.0,9.0
0,0.5714285714285714,0.0,-0.5714285714285714,2.0,0.5928571428571429,0.0,1,1.0,1,104,0,0.0,-1.0
1,0.5714285714285714,0.0,-0.5714285714285714,2.0,0.6,0.0,0,1.0,2,104,0,0.0,-1.0
1,0.5714285714285714,3.4285714285714284,2.857142857142857,2.0,0.5821917808219178,3.493150684931507,1,1.0,1,104,0,6.0,5.0
0,0.47297297297297297,0.0,-0.47297297297297297,2.0,0.47252747252747246,0.0,1,1.0,2,104,1,0.0,-1.0
1,0.47297297297297297,0.0,-0.47297297297297297,2.0,0.47527472527472525,0.0,0,1.0,2,104,1,0.0,-1.0
0,0.47297297297297297,0.0,-0.47297297297297297,2.0,0.47802197802197804,0.0,1,1.0,1,104,1,0.0,-1.0
0,0.47297297297297297,0.0,-0.47297297297297297,2.0,0.4807692307692307,0.0,0,1.0,1,104,1,0.0,-1.0
0,0.47297297297297297,0.0,-0.47297297297297297,2.0,0.48351648351648346,0.0,0,1.0,2,104,1,0.0,-1.0
1,0.47297297297297297,3.7837837837837838,3.310810810810811,2.0,0.4758064516129032,3.8064516129032255,0,1.0,2,104,1,8.0,7.0
0,0.5714285714285714,0.0,-0.5714285714285714,2.0,0.589041095890411,0.0,1,1.0,1,104,0,0.0,-1.0
1,0.47297297297297297,0.0,-0.47297297297297297,2.0,0.47849462365591394,0.0,0,1.0,2,104,1,0.0,-1.0
0,0.47297297297297297,0.0,-0.47297297297297297,2.0,0.4811827956989248,0.0,1,1.0,1,104,1,0.0,-1.0
1,0.47297297297297297,4.256756756756757,3.7837837837837838,2.0,0.47244094488188976,4.251968503937007,0,1.0,2,104,1,9.0,8.0
0,0.47297297297297297,0.0,-0.47297297297297297,2.0,0.4750656167979003,0.0,1,1.0,2,104,1,0.0,-1.0
0,0.5714285714285714,0.0,-0.5714285714285714,2.0,0.5958904109589042,0.0,0,1.0,1,104,0,0.0,-1.0
1,0.47297297297297297,4.256756756756757,3.7837837837837838,2.0,0.4666666666666667,4.2,0,1.0,2,104,1,9.0,8.0
0,0.47297297297297297,0.0,-0.47297297297297297,2.0,0.4692307692307692,0.0,1,1.0,2,104,1,0.0,-1.0
0,0.47297297297297297,0.0,-0.47297297297297297,2.0,0.47179487179487184,0.0,0,1.0,2,104,1,0.0,-1.0
0,0.47297297297297297,0.0,-0.47297297297297297,2.0,0.4743589743589744,0.0,0,1.0,2,104,1,0.0,-1.0
1,0.47297297297297297,2.8378378378378377,2.364864864864865,2.0,0.4696969696969697,2.8181818181818183,0,1.0,2,104,1,6.0,5.0
0,0.5714285714285714,0.0,-0.5714285714285714,2.0,0.6027397260273972,0.0,1,1.0,1,104,0,0.0,-1.0
0,0.47297297297297297,0.0,-0.47297297297297297,2.0,0.4722222222222222,0.0,0,1.0,1,104,1,0.0,-1.0
1,0.47297297297297297,3.7837837837837838,3.310810810810811,2.0,0.4653465346534653,3.7227722772277225,0,1.0,1,104,1,8.0,7.0
0,0.5714285714285714,0.0,-0.5714285714285714,2.0,0.6095890410958904,0.0,1,1.0,2,104,0,0.0,-1.0
0,0.47297297297297297,0.0,-0.47297297297297297,2.0,0.4678217821782178,0.0,0,1.0,2,104,1,0.0,-1.0
0,0.47297297297297297,0.0,-0.47297297297297297,2.0,0.4702970297029703,0.0,0,1.0,2,104,1,0.0,-1.0
0,0.47297297297297297,0.0,-0.47297297297297297,2.0,0.4727722772277228,0.0,0,1.0,1,104,1,0.0,-1.0
1,0.47297297297297297,5.202702702702703,4.72972972972973,2.0,0.4626506024096385,5.089156626506024,0,1.0,2,104,1,11.0,10.0
0,0.47297297297297297,0.0,-0.47297297297297297,2.0,0.4650602409638554,0.0,1,1.0,1,104,1,0.0,-1.0
1,0.5714285714285714,2.857142857142857,2.2857142857142856,2.0,0.5960264900662251,2.980132450331126,0,1.0,1,104,0,5.0,4.0
1,0.5714285714285714,2.2857142857142856,1.7142857142857142,2.0,0.5870967741935484,2.3483870967741938,1,1.0,1,104,0,4.0,3.0
0,0.47297297297297297,0.0,-0.47297297297297297,2.0,0.4674698795180723,0.0,1,1.0,2,104,1,0.0,-1.0
0,0.5714285714285714,0.0,-0.5714285714285714,2.0,0.5935483870967743,0.0,0,1.0,1,104,0,0.0,-1.0
1,0.47297297297297297,0.0,-0.47297297297297297,2.0,0.46987951807228917,0.0,0,1.0,1,104,1,0.0,-1.0
1,0.5714285714285714,1.1428571428571428,0.5714285714285714,2.0,0.5923566878980892,1.1847133757961783,1,1.0,1,104,0,2.0,1.0
0,0.47297297297297297,0.0,-0.47297297297297297,2.0,0.47228915662650606,0.0,1,1.0,1,104,1,0.0,-1.0
0,0.47297297297297297,0.0,-0.47297297297297297,2.0,0.4746987951807229,0.0,0,1.0,1,104,1,0.0,-1.0
0,0.47297297297297297,0.0,-0.47297297297297297,2.0,0.4771084337349397,0.0,0,1.0,2,104,1,0.0,-1.0
0,0.5714285714285714,0.0,-0.5714285714285714,2.0,0.5987261146496815,0.0,0,1.0,2,104,0,0.0,-1.0
0,0.47297297297297297,0.0,-0.47297297297297297,2.0,0.47951807228915666,0.0,0,1.0,2,104,1,0.0,-1.0
1,0.47297297297297297,4.72972972972973,4.256756756756757,2.0,0.47058823529411764,4.705882352941177,0,1.0,2,104,1,10.0,9.0
0,0.47297297297297297,0.0,-0.47297297297297297,2.0,0.47294117647058825,0.0,1,1.0,2,104,1,0.0,-1.0
0,0.47297297297297297,0.0,-0.47297297297297297,2.0,0.4752941176470588,0.0,0,1.0,2,104,1,0.0,-1.0
0,0.47297297297297297,0.0,-0.47297297297297297,2.0,0.47764705882352937,0.0,0,1.0,2,104,1,0.0,-1.0
1,0.47297297297297297,5.202702702702703,4.72972972972973,2.0,0.46788990825688076,5.146788990825688,0,1.0,2,104,1,11.0,10.0
1,0.5714285714285714,3.4285714285714284,2.857142857142857,2.0,0.5828220858895705,3.496932515337423,1,1.0,1,104,0,6.0,5.0
0,0.47297297297297297,0.0,-0.47297297297297297,2.0,0.47018348623853207,0.0,1,1.0,2,104,1,0.0,-1.0
1,0.5714285714285714,0.0,-0.5714285714285714,2.0,0.5889570552147239,0.0,0,1.0,2,104,0,0.0,-1.0
0,0.5714285714285714,0.0,-0.5714285714285714,2.0,0.5950920245398773,0.0,1,1.0,2,104,0,0.0,-1.0
0,0.47297297297297297,0.0,-0.47297297297297297,2.0,0.4724770642201835,0.0,0,1.0,2,104,1,0.0,-1.0
1,0.5714285714285714,2.2857142857142856,1.7142857142857142,2.0,0.5868263473053892,2.3473053892215567,0,1.0,1,104,0,4.0,3.0
1,0.5714285714285714,4.571428571428571,4.0,2.0,0.5657142857142857,4.525714285714286,1,1.0,2,104,0,8.0,7.0
0,0.47297297297297297,0.0,-0.47297297297297297,2.0,0.47477064220183485,0.0,1,1.0,1,104,1,0.0,-1.0
0,0.5714285714285714,0.0,-0.5714285714285714,2.0,0.5714285714285714,0.0,0,1.0,1,104,0,0.0,-1.0
1,0.47297297297297297,0.0,-0.47297297297297297,2.0,0.4770642201834862,0.0,0,1.0,2,104,1,0.0,-1.0
0,0.47297297297297297,0.0,-0.47297297297297297,2.0,0.4793577981651377,0.0,1,1.0,2,104,1,0.0,-1.0
1,0.47297297297297297,3.7837837837837838,3.310810810810811,2.0,0.47297297297297297,3.7837837837837838,0,1.0,2,104,1,8.0,7.0
1,0.7407407407407407,0.0,-0.7407407407407407,3.0,1.0,0.0,100,1.0,2,104,0,0.0,-1.0
0,0.7894736842105263,0.0,-0.7894736842105263,3.0,1.0,0.0,1,1.0,2,104,1,0.0,-1.0
0,0.7407407407407407,0.0,-0.7407407407407407,3.0,1.0,0.0,0,1.0,2,104,0,0.0,-1.0
0,0.7894736842105263,0.0,-0.7894736842105263,3.0,1.0,0.0,0,1.0,2,104,1,0.0,-1.0
0,0.7407407407407407,0.0,-0.7407407407407407,3.0,1.0,0.0,0,1.0,2,104,0,0.0,-1.0
1,0.7407407407407407,3.7037037037037033,2.962962962962963,3.0,0.8,4.0,0,1.0,1,104,0,5.0,4.0
0,0.7894736842105263,0.0,-0.7894736842105263,3.0,1.0,0.0,1,1.0,1,104,1,0.0,-1.0
0,0.7894736842105263,0.0,-0.7894736842105263,3.0,1.0,0.0,0,1.0,1,104,1,0.0,-1.0
1,0.7407407407407407,4.444444444444444,3.7037037037037033,3.0,0.45454545454545453,2.727272727272727,0,1.0,2,104,0,6.0,5.0
0,0.7894736842105263,0.0,-0.7894736842105263,3.0,1.0,0.0,1,1.0,1,104,1,0.0,-1.0
1,0.7894736842105263,0.0,-0.7894736842105263,3.0,1.0,0.0,0,1.0,2,104,1,0.0,-1.0
1,0.7894736842105263,0.0,-0.7894736842105263,3.0,1.0,0.0,1,1.0,1,104,1,0.0,-1.0
1,0.7407407407407407,0.0,-0.7407407407407407,3.0,0.5454545454545455,0.0,1,1.0,2,104,0,0.0,-1.0
0,0.7894736842105263,0.0,-0.7894736842105263,3.0,1.0,0.0,1,1.0,1,104,1,0.0,-1.0
1,0.7894736842105263,0.0,-0.7894736842105263,3.0,1.0,0.0,0,1.0,1,104,1,0.0,-1.0
0,0.7407407407407407,0.0,-0.7407407407407407,3.0,0.6363636363636364,0.0,1,1.0,1,104,0,0.0,-1.0
0,0.7407407407407407,0.0,-0.7407407407407407,3.0,0.7272727272727273,0.0,0,1.0,2,104,0,0.0,-1.0
0,0.7894736842105263,0.0,-0.7894736842105263,3.0,1.0,0.0,0,1.0,1,104,1,0.0,-1.0
1,0.7894736842105263,0.0,-0.7894736842105263,3.0,1.0,0.0,0,1.0,1,104,1,0.0,-1.0
1,0.7894736842105263,5.526315789473684,4.736842105263158,3.0,1.7142857142857142,12.0,1,1.0,2,104,1,7.0,6.0
1,0.7407407407407407,3.7037037037037033,2.962962962962963,3.0,0.5625,2.8125,1,1.0,2,104,0,5.0,4.0
1,0.7407407407407407,0.0,-0.7407407407407407,3.0,0.625,0.0,1,1.0,2,104,0,0.0,-1.0
0,0.7894736842105263,0.0,-0.7894736842105263,3.0,1.8571428571428572,0.0,1,1.0,2,104,1,0.0,-1.0
1,0.7894736842105263,0.0,-0.7894736842105263,3.0,2.0,0.0,0,1.0,1,104,1,0.0,-1.0
1,0.7894736842105263,0.0,-0.7894736842105263,3.0,2.142857142857143,0.0,1,1.0,2,104,1,0.0,-1.0
0,0.7894736842105263,0.0,-0.7894736842105263,3.0,2.2857142857142856,0.0,1,1.0,2,104,1,0.0,-1.0
0,0.7894736842105263,0.0,-0.7894736842105263,3.0,2.428571428571429,0.0,0,1.0,1,104,1,0.0,-1.0
0,0.7407407407407407,0.0,-0.7407407407407407,3.0,0.6875,0.0,0,1.0,2,104,0,0.0,-1.0
0,0.7894736842105263,0.0,-0.7894736842105263,3.0,2.571428571428571,0.0,0,1.0,1,104,1,0.0,-1.0
0,0.7894736842105263,0.0,-0.7894736842105263,3.0,2.7142857142857144,0.0,0,1.0,1,104,1,0.0,-1.0
0,0.7894736842105263,0.0,-0.7894736842105263,3.0,2.857142857142857,0.0,0,1.0,2,104,1,0.0,-1.0
1,0.7894736842105263,0.0,-0.7894736842105263,3.0,3.0,0.0,0,1.0,2,104,1,0.0,-1.0
1,0.7894736842105263,0.0,-0.7894736842105263,3.0,3.142857142857143,0.0,1,1.0,2,104,1,0.0,-1.0
0,0.7407407407407407,0.0,-0.7407407407407407,3.0,0.75,0.0,1,1.0,1,104,0,0.0,-1.0
1,0.7894736842105263,5.526315789473684,4.736842105263158,3.0,1.6428571428571428,11.5,0,1.0,2,104,1,7.0,6.0
1,0.7894736842105263,0.0,-0.7894736842105263,3.0,1.7142857142857142,0.0,1,1.0,1,104,1,0.0,-1.0
1,0.7894736842105263,0.0,-0.7894736842105263,3.0,1.7857142857142856,0.0,1,1.0,1,104,1,0.0,-1.0
0,0.7407407407407407,0.0,-0.7407407407407407,3.0,0.8125,0.0,1,1.0,1,104,0,0.0,-1.0
1,0.7894736842105263,6.315789473684211,5.526315789473684,3.0,1.1818181818181819,9.454545454545455,0,1.0,1,104,1,8.0,7.0
0,0.7894736842105263,0.0,-0.7894736842105263,3.0,1.2272727272727273,0.0,1,1.0,2,104,1,0.0,-1.0
1,0.7407407407407407,1.4814814814814814,0.7407407407407407,3.0,0.7777777777777777,1.5555555555555554,0,1.0,1,104,0,2.0,1.0
0,0.7894736842105263,0.0,-0.7894736842105263,3.0,1.2727272727272727,0.0,1,1.0,2,104,1,0.0,-1.0
0,0.7894736842105263,0.0,-0.7894736842105263,3.0,1.3181818181818183,0.0,0,1.0,1,104,1,0.0,-1.0
0,0.7894736842105263,0.0,-0.7894736842105263,3.0,1.3636363636363638,0.0,0,1.0,2,104,1,0.0,-1.0
1,0.7894736842105263,0.0,-0.7894736842105263,3.0,1.409090909090909,0.0,0,1.0,1,104,1,0.0,-1.0
0,0.7407407407407407,0.0,-0.7407407407407407,3.0,0.8333333333333334,0.0,1,1.0,2,104,0,0.0,-1.0
0,0.7894736842105263,0.0,-0.7894736842105263,3.0,1.4545454545454546,0.0,0,1.0,2,104,1,0.0,-1.0
0,0.7407407407407407,0.0,-0.7407407407407407,3.0,0.8888888888888888,0.0,0,1.0,2,104,0,0.0,-1.0
1,0.7407407407407407,0.0,-0.7407407407407407,3.0,0.9444444444444444,0.0,0,1.0,1,104,0,0.0,-1.0
0,0.7894736842105263,0.0,-0.7894736842105263,3.0,1.5,0.0,1,1.0,1,104,1,0.0,-1.0
0,0.7894736842105263,0.0,-0.7894736842105263,3.0,1.5454545454545454,0.0,0,1.0,1,104,1,0.0,-1.0
1,0.7407407407407407,5.185185185185185,4.444444444444444,3.0,0.72,5.04,0,1.0,2,104,0,7.0,6.0
0,0.7894736842105263,0.0,-0.7894736842105263,3.0,1.590909090909091,0.0,1,1.0,1,104,1,0.0,-1.0
1,0.7407407407407407,1.4814814814814814,0.7407407407407407,3.0,0.7037037037037037,1.4074074074074074,0,1.0,2,104,0,2.0,1.0
1,0.7894736842105263,7.105263157894737,6.315789473684211,3.0,1.161290322580645,10.451612903225806,1,1.0,2,104,1,9.0,8.0
1,0.7894736842105263,0.0,-0.7894736842105263,3.0,1.1935483870967742,0.0,1,1.0,2,104,1,0.0,-1.0
1,0.7894736842105263,6.315789473684211,5.526315789473684,3.0,0.9743589743589742,7.794871794871794,1,1.0,1,104,1,8.0,7.0
0,0.7407407407407407,0.0,-0.7407407407407407,3.0,0.7407407407407407,0.0,1,1.0,1,104,0,0.0,-1.0
1,0.7894736842105263,0.0,-0.7894736842105263,3.0,1.0,0.0,0,1.0,1,104,1,0.0,-1.0
0,0.7894736842105263,0.0,-0.7894736842105263,3.0,1.0256410256410258,0.0,1,1.0,2,104,1,0.0,-1.0
0,0.7894736842105263,0.0,-0.7894736842105263,3.0,1.0512820512820513,0.0,0,1.0,1,104,1,0.0,-1.0
1,0.7894736842105263,7.894736842105264,7.105263157894737,3.0,0.8571428571428571,8.571428571428571,0,1.0,2,104,1,10.0,9.0
0,0.7407407407407407,0.0,-0.7407407407407407,3.0,0.7777777777777777,0.0,100,1.0,1,104,0,0.0,-1.0
0,0.7894736842105263,0.0,-0.7894736842105263,3.0,0.8775510204081632,0.0,0,1.0,2,104,1,0.0,-1.0
0,0.7407407407407407,0.0,-0.7407407407407407,3.0,0.8148148148148148,0.0,0,1.0,2,104,0,0.0,-1.0
0,0.7894736842105263,0.0,-0.7894736842105263,3.0,0.8979591836734695,0.0,0,1.0,1,104,1,0.0,-1.0
0,0.7894736842105263,0.0,-0.7894736842105263,3.0,0.9183673469387756,0.0,0,1.0,2,104,1,0.0,-1.0
0,0.7407407407407407,0.0,-0.7407407407407407,3.0,0.8518518518518517,0.0,0,1.0,2,104,0,0.0,-1.0
1,0.7894736842105263,2.368421052631579,1.5789473684210527,3.0,0.8846153846153847,2.653846153846154,0,1.0,1,104,1,3.0,2.0
1,0.7894736842105263,6.315789473684211,5.526315789473684,3.0,0.7833333333333333,6.266666666666667,1,1.0,1,104,1,8.0,7.0
1,0.7894736842105263,0.0,-0.7894736842105263,3.0,0.8,0.0,1,1.0,1,104,1,0.0,-1.0
1,0.7894736842105263,5.526315789473684,4.736842105263158,3.0,0.7313432835820896,5.119402985074627,1,1.0,1,104,1,7.0,6.0
1,0.7407407407407407,5.185185185185185,4.444444444444444,3.0,0.7058823529411764,4.941176470588235,1,1.0,2,104,0,7.0,6.0
0,0.7894736842105263,0.0,-0.7894736842105263,3.0,0.7462686567164178,0.0,1,1.0,2,104,1,0.0,-1.0
1,0.7894736842105263,3.1578947368421053,2.368421052631579,3.0,0.7183098591549296,2.8732394366197185,0,1.0,2,104,1,4.0,3.0
1,0.7894736842105263,0.0,-0.7894736842105263,3.0,0.7323943661971831,0.0,1,1.0,2,104,1,0.0,-1.0
1,0.7894736842105263,0.0,-0.7894736842105263,3.0,0.7464788732394366,0.0,1,1.0,2,104,1,0.0,-1.0
0,0.7894736842105263,0.0,-0.7894736842105263,3.0,0.7605633802816901,0.0,1,1.0,1,104,1,0.0,-1.0
0,0.7894736842105263,0.0,-0.7894736842105263,3.0,0.7746478873239436,0.0,0,1.0,2,104,1,0.0,-1.0
0,0.7407407407407407,0.0,-0.7407407407407407,3.0,0.7352941176470588,0.0,0,1.0,2,104,0,0.0,-1.0
0,0.7894736842105263,0.0,-0.7894736842105263,3.0,0.7887323943661972,0.0,0,1.0,1,104,1,0.0,-1.0
0,0.7894736842105263,0.0,-0.7894736842105263,3.0,0.8028169014084506,0.0,0,1.0,2,104,1,0.0,-1.0
1,0.7407407407407407,3.7037037037037033,2.962962962962963,3.0,0.6666666666666666,3.3333333333333335,0,1.0,2,104,0,5.0,4.0
0,0.7894736842105263,0.0,-0.7894736842105263,3.0,0.8169014084507042,0.0,1,1.0,2,104,1,0.0,-1.0
0,0.7894736842105263,0.0,-0.7894736842105263,3.0,0.8309859154929579,0.0,0,1.0,2,104,1,0.0,-1.0
1,0.7894736842105263,0.0,-0.7894736842105263,3.0,0.8450704225352113,0.0,0,1.0,2,104,1,0.0,-1.0
0,0.7407407407407407,0.0,-0.7407407407407407,3.0,0.6923076923076923,0.0,1,1.0,1,104,0,0.0,-1.0
1,0.7894736842105263,5.526315789473684,4.736842105263158,3.0,0.782051282051282,5.474358974358974,0,1.0,1,104,1,7.0,6.0
1,0.7894736842105263,2.368421052631579,1.5789473684210527,3.0,0.7654320987654322,2.2962962962962963,1,1.0,1,104,1,3.0,2.0
0,0.7407407407407407,0.0,-0.7407407407407407,3.0,0.717948717948718,0.0,1,1.0,1,104,0,0.0,-1.0
0,0.7894736842105263,0.0,-0.7894736842105263,3.0,0.7777777777777777,0.0,0,1.0,2,104,1,0.0,-1.0
1,0.7407407407407407,1.4814814814814814,0.7407407407407407,3.0,0.7073170731707318,1.4146341463414636,0,1.0,1,104,0,2.0,1.0
1,0.7894736842105263,0.0,-0.7894736842105263,3.0,0.7901234567901234,0.0,1,1.0,1,104,1,0.0,-1.0
0,0.7894736842105263,0.0,-0.7894736842105263,3.0,0.8024691358024691,0.0,1,1.0,1,104,1,0.0,-1.0
0,0.7407407407407407,0.0,-0.7407407407407407,3.0,0.7317073170731707,0.0,0,1.0,1,104,0,0.0,-1.0
0,0.7894736842105263,0.0,-0.7894736842105263,3.0,0.8148148148148148,0.0,0,1.0,1,104,1,0.0,-1.0
1,0.7894736842105263,8.68421052631579,7.894736842105264,3.0,0.7282608695652174,8.01086956521739,0,1.0,1,104,1,11.0,10.0
0,0.7407407407407407,0.0,-0.7407407407407407,3.0,0.7560975609756098,0.0,1,1.0,2,104,0,0.0,-1.0
0,0.7894736842105263,0.0,-0.7894736842105263,3.0,0.7391304347826086,0.0,0,1.0,1,104,1,0.0,-1.0
0,0.7894736842105263,0.0,-0.7894736842105263,3.0,0.75,0.0,0,1.0,1,104,1,0.0,-1.0
1,0.7894736842105263,7.894736842105264,7.105263157894737,3.0,0.6862745098039216,6.862745098039216,0,1.0,2,104,1,10.0,9.0
0,0.7407407407407407,0.0,-0.7407407407407407,3.0,0.7804878048780488,0.0,1,1.0,2,104,0,0.0,-1.0
0,0.7407407407407407,0.0,-0.7407407407407407,3.0,0.8048780487804879,0.0,0,1.0,1,104,0,0.0,-1.0
1,0.7894736842105263,0.0,-0.7894736842105263,3.0,0.696078431372549,0.0,0,1.0,1,104,1,0.0,-1.0
1,0.7407407407407407,4.444444444444444,3.7037037037037033,3.0,0.723404255319149,4.340425531914894,1,1.0,1,104,0,6.0,5.0
0,0.7894736842105263,0.0,-0.7894736842105263,3.0,0.7058823529411764,0.0,1,1.0,1,104,1,0.0,-1.0
1,0.7407407407407407,0.0,-0.7407407407407407,3.0,0.7446808510638299,0.0,0,1.0,2,104,0,0.0,-1.0
0,0.7894736842105263,0.0,-0.7894736842105263,3.0,0.7156862745098039,0.0,1,1.0,1,104,1,0.0,-1.0
0,0.7894736842105263,0.0,-0.7894736842105263,3.0,0.7254901960784315,0.0,0,1.0,2,104,1,0.0,-1.0
1,0.7894736842105263,0.0,-0.7894736842105263,3.0,0.7352941176470588,0.0,0,1.0,2,104,1,0.0,-1.0
1,0.7894736842105263,5.526315789473684,4.736842105263158,3.0,0.6972477064220184,4.8807339449541285,1,1.0,1,104,1,7.0,6.0
1,0.7894736842105263,0.0,-0.7894736842105263,3.0,0.706422018348624,0.0,1,1.0,1,104,1,0.0,-1.0
1,0.7894736842105263,5.526315789473684,4.736842105263158,3.0,0.6724137931034483,4.706896551724138,1,1.0,1,104,1,7.0,6.0
0,0.7894736842105263,0.0,-0.7894736842105263,3.0,0.6810344827586207,0.0,1,1.0,1,104,1,0.0,-1.0
0,0.7894736842105263,0.0,-0.7894736842105263,3.0,0.6896551724137931,0.0,0,1.0,1,104,1,0.0,-1.0
0,0.7894736842105263,0.0,-0.7894736842105263,3.0,0.6982758620689655,0.0,0,1.0,2,104,1,0.0,-1.0
0,0.7407407407407407,0.0,-0.7407407407407407,3.0,0.7659574468085106,0.0,0,1.0,1,104,0,0.0,-1.0
0,0.7894736842105263,0.0,-0.7894736842105263,3.0,0.706896551724138,0.0,0,1.0,1,104,1,0.0,-1.0
0,0.7894736842105263,0.0,-0.7894736842105263,3.0,0.7155172413793103,0.0,0,1.0,2,104,1,0.0,-1.0
1,0.7407407407407407,0.0,-0.7407407407407407,3.0,0.7872340425531915,0.0,0,1.0,1,104,0,0.0,-1.0
1,0.7407407407407407,3.7037037037037033,2.962962962962963,3.0,0.7307692307692307,3.6538461538461537,1,1.0,2,104,0,5.0,4.0
1,0.7407407407407407,0.0,-0.7407407407407407,3.0,0.75,0.0,1,1.0,2,104,0,0.0,-1.0
1,0.7407407407407407,1.4814814814814814,0.7407407407407407,3.0,0.7407407407407407,1.4814814814814814,1,1.0,1,104,0,2.0,1.0
1,0.7894736842105263,0.0,-0.7894736842105263,3.0,0.7241379310344828,0.0,1,1.0,2,104,1,0.0,-1.0
1,0.7407407407407407,0.0,-0.7407407407407407,3.0,0.7592592592592592,0.0,100,1.0,2,104,0,0.0,-1.0
0,0.7894736842105263,0.0,-0.7894736842105263,3.0,0.7327586206896551,0.0,1,1.0,2,104,1,0.0,-1.0
1,0.7407407407407407,3.7037037037037033,2.962962962962963,3.0,0.7118644067796611,3.5593220338983054,0,1.0,2,104,0,5.0,4.0
1,0.7894736842105263,3.947368421052632,3.1578947368421053,3.0,0.7107438016528925,3.5537190082644625,1,1.0,2,104,1,5.0,4.0
0,0.7407407407407407,0.0,-0.7407407407407407,3.0,0.728813559322034,0.0,1,1.0,2,104,0,0.0,-1.0
0,0.7407407407407407,0.0,-0.7407407407407407,3.0,0.7457627118644068,0.0,0,1.0,1,104,0,0.0,-1.0
0,0.7894736842105263,0.0,-0.7894736842105263,3.0,0.71900826446281,0.0,0,1.0,1,104,1,0.0,-1.0
0,0.7407407407407407,0.0,-0.7407407407407407,3.0,0.7627118644067796,0.0,0,1.0,2,104,0,0.0,-1.0
0,0.7894736842105263,0.0,-0.7894736842105263,3.0,0.7272727272727273,0.0,0,1.0,1,104,1,0.0,-1.0
0,0.7894736842105263,0.0,-0.7894736842105263,3.0,0.7355371900826446,0.0,0,1.0,1,104,1,0.0,-1.0
1,0.7894736842105263,0.0,-0.7894736842105263,3.0,0.743801652892562,0.0,0,1.0,1,104,1,0.0,-1.0
0,0.7894736842105263,0.0,-0.7894736842105263,3.0,0.7520661157024794,0.0,1,1.0,1,104,1,0.0,-1.0
1,0.7894736842105263,0.0,-0.7894736842105263,3.0,0.7603305785123966,0.0,0,1.0,2,104,1,0.0,-1.0
0,0.7894736842105263,0.0,-0.7894736842105263,3.0,0.768595041322314,0.0,1,1.0,2,104,1,0.0,-1.0
0,0.7407407407407407,0.0,-0.7407407407407407,3.0,0.7796610169491526,0.0,0,1.0,1,104,0,0.0,-1.0
0,0.7894736842105263,0.0,-0.7894736842105263,3.0,0.7768595041322315,0.0,0,1.0,1,104,1,0.0,-1.0
0,0.7407407407407407,0.0,-0.7407407407407407,3.0,0.7966101694915255,0.0,0,1.0,2,104,0,0.0,-1.0
0,0.7894736842105263,0.0,-0.7894736842105263,3.0,0.7851239669421488,0.0,0,1.0,1,104,1,0.0,-1.0
1,0.7407407407407407,1.4814814814814814,0.7407407407407407,3.0,0.7868852459016394,1.5737704918032789,0,1.0,2,104,0,2.0,1.0
1,0.7894736842105263,6.315789473684211,5.526315789473684,3.0,0.7441860465116279,5.953488372093023,1,1.0,2,104,1,8.0,7.0
1,0.7894736842105263,3.1578947368421053,2.368421052631579,3.0,0.7293233082706767,2.917293233082707,1,1.0,1,104,1,4.0,3.0
0,0.7407407407407407,0.0,-0.7407407407407407,3.0,0.8032786885245902,0.0,1,1.0,1,104,0,0.0,-1.0
1,0.7894736842105263,3.1578947368421053,2.368421052631579,3.0,0.7153284671532846,2.8613138686131383,0,1.0,1,104,1,4.0,3.0
0,0.7407407407407407,0.0,-0.7407407407407407,3.0,0.819672131147541,0.0,1,1.0,2,104,0,0.0,-1.0
1,0.7894736842105263,0.0,-0.7894736842105263,3.0,0.7226277372262774,0.0,0,1.0,1,104,1,0.0,-1.0
0,0.7894736842105263,0.0,-0.7894736842105263,3.0,0.7299270072992701,0.0,1,1.0,1,104,1,0.0,-1.0
0,0.7894736842105263,0.0,-0.7894736842105263,3.0,0.7372262773722628,0.0,0,1.0,1,104,1,0.0,-1.0
1,0.7407407407407407,3.7037037037037033,2.962962962962963,3.0,0.7727272727272727,3.8636363636363633,0,1.0,1,104,0,5.0,4.0
1,0.7894736842105263,5.526315789473684,4.736842105263158,3.0,0.7083333333333333,4.958333333333333,1,1.0,1,104,1,7.0,6.0
0,0.7894736842105263,5.526315789473684,4.736842105263158,3.0,0.6821192052980133,4.774834437086093,1,1.0,1,104,1,7.0,6.0
0,0.7894736842105263,0.0,-0.7894736842105263,3.0,0.6887417218543047,0.0,0,1.0,2,104,1,0.0,-1.0
1,0.7407407407407407,5.185185185185185,4.444444444444444,3.0,0.7123287671232877,4.986301369863014,0,1.0,2,104,0,7.0,6.0
1,0.7894736842105263,0.0,-0.7894736842105263,3.0,0.695364238410596,0.0,1,1.0,1,104,1,0.0,-1.0
0,0.7407407407407407,0.0,-0.7407407407407407,3.0,0.726027397260274,0.0,1,1.0,2,104,0,0.0,-1.0
0,0.7894736842105263,0.0,-0.7894736842105263,3.0,0.7019867549668874,0.0,0,1.0,1,104,1,0.0,-1.0
0,0.7894736842105263,0.0,-0.7894736842105263,3.0,0.7086092715231788,0.0,0,1.0,1,104,1,0.0,-1.0
1,0.7894736842105263,0.0,-0.7894736842105263,3.0,0.7152317880794702,0.0,0,1.0,2,104,1,0.0,-1.0
0,0.7894736842105263,0.0,-0.7894736842105263,3.0,0.7218543046357616,0.0,1,1.0,2,104,1,0.0,-1.0
0,0.7894736842105263,0.0,-0.7894736842105263,3.0,0.7284768211920529,0.0,0,1.0,1,104,1,0.0,-1.0
0,0.7894736842105263,0.0,-0.7894736842105263,3.0,0.7350993377483444,0.0,0,1.0,2,104,1,0.0,-1.0
0,0.7894736842105263,0.0,-0.7894736842105263,3.0,0.7417218543046357,0.0,0,1.0,1,104,1,0.0,-1.0
1,0.7894736842105263,7.894736842105264,7.105263157894737,3.0,0.7018633540372671,7.0186335403726705,0,1.0,2,104,1,10.0,9.0
0,0.7894736842105263,0.0,-0.7894736842105263,3.0,0.7080745341614907,0.0,1,1.0,2,104,1,0.0,-1.0
0,0.7894736842105263,0.0,-0.7894736842105263,3.0,0.7142857142857143,0.0,0,1.0,2,104,1,0.0,-1.0
1,0.7407407407407407,0.0,-0.7407407407407407,3.0,0.7397260273972602,0.0,0,1.0,2,104,0,0.0,-1.0
0,0.7894736842105263,0.0,-0.7894736842105263,3.0,0.7204968944099379,0.0,1,1.0,2,104,1,0.0,-1.0
0,0.7894736842105263,0.0,-0.7894736842105263,3.0,0.7267080745341615,0.0,0,1.0,1,104,1,0.0,-1.0
0,0.7894736842105263,0.0,-0.7894736842105263,3.0,0.7329192546583851,0.0,0,1.0,1,104,1,0.0,-1.0
1,0.7407407407407407,0.0,-0.7407407407407407,3.0,0.7534246575342465,0.0,0,1.0,2,104,0,0.0,-1.0
0,0.7894736842105263,0.0,-0.7894736842105263,3.0,0.7391304347826086,0.0,1,1.0,1,104,1,0.0,-1.0
1,0.7407407407407407,1.4814814814814814,0.7407407407407407,3.0,0.7466666666666667,1.4933333333333334,0,1.0,1,104,0,2.0,1.0
0,0.7407407407407407,0.0,-0.7407407407407407,3.0,0.7599999999999999,0.0,1,1.0,2,104,0,0.0,-1.0
0,0.7894736842105263,0.0,-0.7894736842105263,3.0,0.7453416149068324,0.0,0,1.0,2,104,1,0.0,-1.0
0,0.7894736842105263,0.0,-0.7894736842105263,3.0,0.7515527950310559,0.0,0,1.0,2,104,1,0.0,-1.0
0,0.7894736842105263,0.0,-0.7894736842105263,3.0,0.7577639751552795,0.0,0,1.0,1,104,1,0.0,-1.0
1,0.7894736842105263,7.894736842105264,7.105263157894737,3.0,0.7192982456140351,7.192982456140351,0,1.0,1,104,1,10.0,9.0
1,0.7407407407407407,4.444444444444444,3.7037037037037033,3.0,0.7160493827160493,4.296296296296296,1,1.0,1,104,0,6.0,5.0
0,0.7894736842105263,0.0,-0.7894736842105263,3.0,0.7251461988304093,0.0,1,1.0,2,104,1,0.0,-1.0
0,0.7407407407407407,0.0,-0.7407407407407407,3.0,0.7283950617283951,0.0,0,1.0,1,104,0,0.0,-1.0
0,0.7407407407407407,0.0,-0.7407407407407407,3.0,0.7407407407407407,0.0,0,1.0,2,104,0,0.0,-1.0
0,0.7894736842105263,0.0,-0.7894736842105263,3.0,0.7309941520467835,0.0,0,1.0,2,104,1,0.0,-1.0
0,0.7894736842105263,0.0,-0.7894736842105263,3.0,0.7368421052631579,0.0,0,1.0,1,104,1,0.0,-1.0
0,0.7894736842105263,0.0,-0.7894736842105263,3.0,0.7426900584795322,0.0,100,1.0,1,104,1,0.0,-1.0
0,0.7894736842105263,0.0,-0.7894736842105263,3.0,0.7485380116959064,0.0,0,1.0,2,104,1,0.0,-1.0
0,0.7407407407407407,0.0,-0.7407407407407407,3.0,0.7530864197530864,0.0,0,1.0,1,104,0,0.0,-1.0
1,0.7894736842105263,5.526315789473684,4.736842105263158,3.0,0.7247191011235955,5.073033707865169,0,1.0,2,104,1,7.0,6.0
0,0.7894736842105263,0.0,-0.7894736842105263,3.0,0.7303370786516854,0.0,1,1.0,2,104,1,0.0,-1.0
0,0.7407407407407407,0.0,-0.7407407407407407,3.0,0.7654320987654322,0.0,0,1.0,1,104,0,0.0,-1.0
1,0.7407407407407407,5.185185185185185,4.444444444444444,3.0,0.7159090909090909,5.011363636363637,0,1.0,1,104,0,7.0,6.0
1,0.7894736842105263,8.68421052631579,7.894736842105264,3.0,0.6931216931216931,7.624338624338624,1,1.0,1,104,1,11.0,10.0
1,0.7894736842105263,7.894736842105264,7.105263157894737,3.0,0.6633165829145728,6.633165829145729,1,1.0,2,104,1,10.0,9.0
0,0.7894736842105263,0.0,-0.7894736842105263,3.0,0.6683417085427136,0.0,1,1.0,2,104,1,0.0,-1.0
0,0.7407407407407407,0.0,-0.7407407407407407,3.0,0.7272727272727273,0.0,0,1.0,1,104,0,0.0,-1.0
0,0.7894736842105263,0.0,-0.7894736842105263,3.0,0.6733668341708543,0.0,0,1.0,2,104,1,0.0,-1.0
0,0.7894736842105263,0.0,-0.7894736842105263,3.0,0.6783919597989949,0.0,0,1.0,2,104,1,0.0,-1.0
0,0.7894736842105263,0.0,-0.7894736842105263,3.0,0.6834170854271358,0.0,0,1.0,1,104,1,0.0,-1.0
0,0.7894736842105263,0.0,-0.7894736842105263,3.0,0.6884422110552765,0.0,0,1.0,2,104,1,0.0,-1.0
1,0.7407407407407407,0.0,-0.7407407407407407,3.0,0.7386363636363636,0.0,0,1.0,1,104,0,0.0,-1.0
1,0.7894736842105263,0.0,-0.7894736842105263,3.0,0.6934673366834171,0.0,1,1.0,2,104,1,0.0,-1.0
0,0.7894736842105263,0.0,-0.7894736842105263,3.0,0.6984924623115578,0.0,1,1.0,1,104,1,0.0,-1.0
0,0.7894736842105263,0.0,-0.7894736842105263,3.0,0.7035175879396984,0.0,0,1.0,1,104,1,0.0,-1.0
1,0.7407407407407407,1.4814814814814814,0.7407407407407407,3.0,0.7333333333333334,1.4666666666666668,0,1.0,1,104,0,2.0,1.0
1,0.7407407407407407,3.7037037037037033,2.962962962962963,3.0,0.7052631578947368,3.526315789473684,1,1.0,1,104,0,5.0,4.0
1,0.7894736842105263,0.0,-0.7894736842105263,3.0,0.7085427135678393,0.0,1,1.0,2,104,1,0.0,-1.0
1,0.7894736842105263,0.0,-0.7894736842105263,3.0,0.71356783919598,0.0,1,1.0,1,104,1,0.0,-1.0
1,0.7894736842105263,7.894736842105264,7.105263157894737,3.0,0.6842105263157895,6.842105263157896,1,1.0,2,104,1,10.0,9.0
0,0.7894736842105263,0.0,-0.7894736842105263,3.0,0.6889952153110048,0.0,1,1.0,1,104,1,0.0,-1.0
0,0.7894736842105263,0.0,-0.7894736842105263,3.0,0.69377990430622,0.0,0,1.0,1,104,1,0.0,-1.0
0,0.7407407407407407,0.0,-0.7407407407407407,3.0,0.7157894736842105,0.0,0,1.0,1,104,0,0.0,-1.0
0,0.7894736842105263,0.0,-0.7894736842105263,3.0,0.6985645933014354,0.0,0,1.0,2,104,1,0.0,-1.0
1,0.7407407407407407,4.444444444444444,3.7037037037037033,3.0,0.6831683168316831,4.099009900990099,0,1.0,1,104,0,6.0,5.0
0,0.7407407407407407,0.0,-0.7407407407407407,3.0,0.6930693069306931,0.0,1,1.0,1,104,0,0.0,-1.0
0,0.7894736842105263,0.0,-0.7894736842105263,3.0,0.7033492822966507,0.0,0,1.0,1,104,1,0.0,-1.0
1,0.7894736842105263,0.0,-0.7894736842105263,3.0,0.7081339712918661,0.0,0,1.0,2,104,1,0.0,-1.0
0,0.7894736842105263,0.0,-0.7894736842105263,3.0,0.7129186602870813,0.0,1,1.0,1,104,1,0.0,-1.0
0,0.7407407407407407,0.0,-0.7407407407407407,3.0,0.7029702970297029,0.0,0,1.0,2,104,0,0.0,-1.0
1,0.7894736842105263,0.0,-0.7894736842105263,3.0,0.7177033492822966,0.0,0,1.0,1,104,1,0.0,-1.0
0,0.7894736842105263,0.0,-0.7894736842105263,3.0,0.722488038277512,0.0,1,1.0,2,104,1,0.0,-1.0
1,0.7894736842105263,0.0,-0.7894736842105263,3.0,0.7272727272727273,0.0,0,1.0,1,104,1,0.0,-1.0
0,0.7894736842105263,0.0,-0.7894736842105263,3.0,0.7320574162679425,0.0,1,1.0,2,104,1,0.0,-1.0
1,0.7894736842105263,5.526315789473684,4.736842105263158,3.0,0.7129629629629629,4.9907407407407405,0,1.0,1,104,1,7.0,6.0
0,0.7894736842105263,0.0,-0.7894736842105263,3.0,0.7175925925925926,0.0,1,1.0,1,104,1,0.0,-1.0
1,0.7894736842105263,0.0,-0.7894736842105263,3.0,0.7222222222222222,0.0,0,1.0,1,104,1,0.0,-1.0
1,0.7407407407407407,1.4814814814814814,0.7407407407407407,3.0,0.6990291262135923,1.3980582524271845,1,1.0,2,104,0,2.0,1.0
1,0.7894736842105263,3.947368421052632,3.1578947368421053,3.0,0.7104072398190046,3.552036199095023,1,1.0,2,104,1,5.0,4.0
0,0.7894736842105263,0.0,-0.7894736842105263,3.0,0.7149321266968326,0.0,1,1.0,2,104,1,0.0,-1.0
0,0.7894736842105263,0.0,-0.7894736842105263,3.0,0.7194570135746606,0.0,0,1.0,1,104,1,0.0,-1.0
1,0.7407407407407407,0.0,-0.7407407407407407,3.0,0.7087378640776698,0.0,0,1.0,2,104,0,0.0,-1.0
0,0.7407407407407407,0.0,-0.7407407407407407,3.0,0.7184466019417476,0.0,1,1.0,2,104,0,0.0,-1.0
1,0.7407407407407407,3.7037037037037033,2.962962962962963,3.0,0.6944444444444444,3.4722222222222223,0,1.0,2,104,0,5.0,4.0
0,0.7894736842105263,0.0,-0.7894736842105263,3.0,0.7239819004524887,0.0,1,1.0,2,104,1,0.0,-1.0
0,0.7894736842105263,0.0,-0.7894736842105263,3.0,0.7285067873303167,0.0,0,1.0,2,104,1,0.0,-1.0
0,0.7407407407407407,0.0,-0.7407407407407407,3.0,0.7037037037037037,0.0,0,1.0,1,104,0,0.0,-1.0
0,0.7894736842105263,0.0,-0.7894736842105263,3.0,0.7330316742081447,0.0,0,1.0,2,104,1,0.0,-1.0
0,0.7407407407407407,0.0,-0.7407407407407407,3.0,0.7129629629629629,0.0,0,1.0,1,104,0,0.0,-1.0
0,0.7407407407407407,0.0,-0.7407407407407407,3.0,0.7222222222222222,0.0,0,1.0,1,104,0,0.0,-1.0
0,0.7894736842105263,0.0,-0.7894736842105263,3.0,0.7375565610859729,0.0,0,1.0,2,104,1,0.0,-1.0
0,0.7894736842105263,0.0,-0.7894736842105263,3.0,0.7420814479638008,0.0,0,1.0,1,104,1,0.0,-1.0
1,0.7894736842105263,3.947368421052632,3.1578947368421053,3.0,0.7300884955752213,3.650442477876106,0,1.0,1,104,1,5.0,4.0
1,0.7894736842105263,0.0,-0.7894736842105263,3.0,0.7345132743362831,0.0,1,1.0,2,104,1,0.0,-1.0
0,0.7894736842105263,0.0,-0.7894736842105263,3.0,0.7389380530973452,0.0,1,1.0,2,104,1,0.0,-1.0
0,0.7894736842105263,0.0,-0.7894736842105263,3.0,0.743362831858407,0.0,0,1.0,1,104,1,0.0,-1.0
0,0.7407407407407407,0.0,-0.7407407407407407,3.0,0.7314814814814815,0.0,0,1.0,2,104,0,0.0,-1.0
0,0.7407407407407407,0.0,-0.7407407407407407,3.0,0.7407407407407407,0.0,0,1.0,1,104,0,0.0,-1.0
0,0.7407407407407407,0.0,-0.7407407407407407,3.0,0.75,0.0,100,1.0,1,104,0,0.0,-1.0
1,0.7407407407407407,0.0,-0.7407407407407407,3.0,0.7592592592592592,0.0,0,1.0,1,104,0,0.0,-1.0
1,0.7407407407407407,1.4814814814814814,0.7407407407407407,3.0,0.7545454545454545,1.509090909090909,1,1.0,2,104,0,2.0,1.0
1,0.7894736842105263,0.0,-0.7894736842105263,3.0,0.7477876106194691,0.0,1,1.0,1,104,1,0.0,-1.0
0,0.7894736842105263,0.0,-0.7894736842105263,3.0,0.752212389380531,0.0,1,1.0,2,104,1,0.0,-1.0
1,0.7407407407407407,0.0,-0.7407407407407407,3.0,0.7636363636363637,0.0,0,1.0,1,104,0,0.0,-1.0
1,0.7894736842105263,7.105263157894737,6.315789473684211,3.0,0.7276595744680852,6.548936170212766,1,1.0,2,104,1,9.0,8.0
1,0.7894736842105263,0.0,-0.7894736842105263,3.0,0.7319148936170213,0.0,1,1.0,1,104,1,0.0,-1.0
0,0.7407407407407407,0.0,-0.7407407407407407,3.0,0.7727272727272727,0.0,1,1.0,2,104,0,0.0,-1.0
0,0.7894736842105263,0.0,-0.7894736842105263,3.0,0.7361702127659575,0.0,0,1.0,2,104,1,0.0,-1.0
0,0.7894736842105263,0.0,-0.7894736842105263,3.0,0.7404255319148936,0.0,0,1.0,1,104,1,0.0,-1.0
1,0.7407407407407407,5.185185185185185,4.444444444444444,3.0,0.7350427350427351,5.145299145299146,0,1.0,1,104,0,7.0,6.0
0,0.7894736842105263,0.0,-0.7894736842105263,3.0,0.7446808510638299,0.0,1,1.0,2,104,1,0.0,-1.0
0,0.7894736842105263,0.0,-0.7894736842105263,3.0,0.7489361702127659,0.0,0,1.0,2,104,1,0.0,-1.0
0,0.7894736842105263,0.0,-0.7894736842105263,3.0,0.7531914893617021,0.0,0,1.0,1,104,1,0.0,-1.0
0,0.7894736842105263,0.0,-0.7894736842105263,3.0,0.7574468085106383,0.0,0,1.0,2,104,1,0.0,-1.0
0,0.7894736842105263,0.0,-0.7894736842105263,3.0,0.7617021276595746,0.0,0,1.0,1,104,1,0.0,-1.0
1,0.7894736842105263,0.0,-0.7894736842105263,3.0,0.7659574468085106,0.0,0,1.0,2,104,1,0.0,-1.0
0,0.7894736842105263,0.0,-0.7894736842105263,3.0,0.7702127659574468,0.0,1,1.0,2,104,1,0.0,-1.0
0,0.7894736842105263,0.0,-0.7894736842105263,3.0,0.774468085106383,0.0,0,1.0,1,104,1,0.0,-1.0
0,0.7407407407407407,0.0,-0.7407407407407407,3.0,0.7435897435897436,0.0,0,1.0,2,104,0,0.0,-1.0
0,0.7407407407407407,0.0,-0.7407407407407407,3.0,0.7521367521367521,0.0,0,1.0,2,104,0,0.0,-1.0
1,0.7407407407407407,3.7037037037037033,2.962962962962963,3.0,0.7295081967213115,3.6475409836065573,0,1.0,2,104,0,5.0,4.0
1,0.7894736842105263,0.7894736842105263,0.0,3.0,0.7754237288135593,0.7754237288135593,1,1.0,2,104,1,1.0,0.0
0,0.7894736842105263,0.0,-0.7894736842105263,3.0,0.7796610169491526,0.0,1,1.0,2,104,1,0.0,-1.0
1,0.7894736842105263,8.68421052631579,7.894736842105264,3.0,0.7489878542510122,8.238866396761134,0,1.0,1,104,1,11.0,10.0
1,0.7407407407407407,4.444444444444444,3.7037037037037033,3.0,0.703125,4.21875,1,1.0,1,104,0,6.0,5.0
1,0.7407407407407407,0.0,-0.7407407407407407,3.0,0.7109375,0.0,1,1.0,1,104,0,0.0,-1.0
0,0.7894736842105263,0.0,-0.7894736842105263,3.0,0.7530364372469636,0.0,1,1.0,2,104,1,0.0,-1.0
0,0.7894736842105263,0.0,-0.7894736842105263,3.0,0.757085020242915,0.0,0,1.0,2,104,1,0.0,-1.0
0,0.7894736842105263,0.0,-0.7894736842105263,3.0,0.7611336032388664,0.0,0,1.0,2,104,1,0.0,-1.0
0,0.7894736842105263,0.0,-0.7894736842105263,3.0,0.7651821862348177,0.0,0,1.0,1,104,1,0.0,-1.0
0,0.7894736842105263,0.0,-0.7894736842105263,3.0,0.7692307692307692,0.0,0,1.0,2,104,1,0.0,-1.0
1,0.7894736842105263,0.0,-0.7894736842105263,3.0,0.7732793522267206,0.0,0,1.0,1,104,1,0.0,-1.0
1,0.7894736842105263,0.0,-0.7894736842105263,3.0,0.7773279352226721,0.0,1,1.0,1,104,1,0.0,-1.0
0,0.7407407407407407,0.0,-0.7407407407407407,3.0,0.71875,0.0,1,1.0,1,104,0,0.0,-1.0
1,0.7894736842105263,0.0,-0.7894736842105263,3.0,0.7813765182186234,0.0,0,1.0,2,104,1,0.0,-1.0
0,0.7894736842105263,0.0,-0.7894736842105263,3.0,0.785425101214575,0.0,1,1.0,1,104,1,0.0,-1.0
1,0.7407407407407407,1.4814814814814814,0.7407407407407407,3.0,0.7153846153846153,1.4307692307692306,0,1.0,1,104,0,2.0,1.0
0,0.7407407407407407,0.0,-0.7407407407407407,3.0,0.7230769230769231,0.0,1,1.0,1,104,0,0.0,-1.0
0,0.7894736842105263,0.0,-0.7894736842105263,3.0,0.7894736842105263,0.0,0,1.0,1,104,1,0.0,-1.0
0,0.7894736842105263,0.0,-0.7894736842105263,3.0,0.7935222672064778,0.0,0,1.0,1,104,1,0.0,-1.0
1,0.7894736842105263,0.0,-0.7894736842105263,3.0,0.7975708502024291,0.0,0,1.0,2,104,1,0.0,-1.0
1,0.7894736842105263,0.0,-0.7894736842105263,3.0,0.8016194331983806,0.0,1,1.0,2,104,1,0.0,-1.0
1,0.7894736842105263,7.894736842105264,7.105263157894737,3.0,0.77431906614786,7.743190661478599,1,1.0,2,104,1,10.0,9.0
0,0.7894736842105263,0.0,-0.7894736842105263,3.0,0.7782101167315175,0.0,1,1.0,2,104,1,0.0,-1.0
1,0.7894736842105263,0.7894736842105263,0.0,3.0,0.7790697674418605,0.7790697674418605,0,1.0,2,104,1,1.0,0.0
0,0.7407407407407407,0.0,-0.7407407407407407,3.0,0.7307692307692307,0.0,1,1.0,2,104,0,0.0,-1.0
0,0.7407407407407407,0.0,-0.7407407407407407,3.0,0.7384615384615384,0.0,0,1.0,2,104,0,0.0,-1.0
0,0.7894736842105263,0.0,-0.7894736842105263,3.0,0.7829457364341085,0.0,0,1.0,2,104,1,0.0,-1.0
0,0.7407407407407407,0.0,-0.7407407407407407,3.0,0.7461538461538462,0.0,0,1.0,1,104,0,0.0,-1.0
0,0.7894736842105263,0.0,-0.7894736842105263,3.0,0.7868217054263565,0.0,0,1.0,2,104,1,0.0,-1.0
0,0.7407407407407407,0.0,-0.7407407407407407,3.0,0.7538461538461539,0.0,0,1.0,2,104,0,0.0,-1.0
1,0.7894736842105263,0.0,-0.7894736842105263,3.0,0.7906976744186047,0.0,0,1.0,2,104,1,0.0,-1.0
0,0.7894736842105263,0.0,-0.7894736842105263,3.0,0.7945736434108527,0.0,1,1.0,2,104,1,0.0,-1.0
1,0.7894736842105263,6.315789473684211,5.526315789473684,3.0,0.7744360902255638,6.1954887218045105,0,1.0,1,104,1,8.0,7.0
0,0.7894736842105263,0.0,-0.7894736842105263,3.0,0.7781954887218046,0.0,1,1.0,2,104,1,0.0,-1.0
0,0.7894736842105263,0.0,-0.7894736842105263,3.0,0.7819548872180452,0.0,0,1.0,1,104,1,0.0,-1.0
0,0.7407407407407407,0.0,-0.7407407407407407,3.0,0.7615384615384615,0.0,0,1.0,1,104,0,0.0,-1.0
1,0.7407407407407407,3.7037037037037033,2.962962962962963,3.0,0.7407407407407407,3.7037037037037033,0,1.0,2,104,0,5.0,4.0
1,0.7894736842105263,0.0,-0.7894736842105263,3.0,0.7857142857142857,0.0,1,1.0,2,104,1,0.0,-1.0
1,0.7894736842105263,0.0,-0.7894736842105263,3.0,0.7894736842105263,0.0,1,1.0,2,104,1,0.0,-1.0
