Choice,DV_Norm_Ref_Amount,DV_Norm_Value,DV_WR_Norm_Value,Day,MC_Norm_Ref_Amount,MC_Norm_Value,Prev_choice,Ref_Amount,Ref_Pos,Subj,Trial_type,Value,WTP_Ref
1,0.5555555555555556,2.7777777777777777,2.2222222222222223,1.0,0.2,1.0,100,1,1,111,0,5.0,4.0
1,0.8805031446540881,0.8805031446540881,0.0,1.0,1.0,1.0,1,2,2,111,1,2.0,0.0
0,0.8805031446540881,0.44025157232704404,-0.44025157232704404,1.0,1.3333333333333333,0.6666666666666666,1,2,2,111,1,1.0,-1.0
1,0.5555555555555556,2.7777777777777777,2.2222222222222223,1.0,0.2,1.0,0,1,1,111,0,5.0,4.0
1,0.8805031446540881,1.7610062893081762,0.8805031446540881,1.0,0.8571428571428571,1.7142857142857142,1,2,2,111,1,4.0,2.0
0,0.5555555555555556,0.0,-0.5555555555555556,1.0,0.3,0.0,1,1,2,111,0,0.0,-1.0
1,0.5555555555555556,0.0,-0.5555555555555556,1.0,0.4,0.0,0,1,1,111,0,0.0,-1.0
1,0.8805031446540881,1.7610062893081762,0.8805031446540881,1.0,0.7272727272727273,1.4545454545454546,1,2,1,111,1,4.0,2.0
0,0.5555555555555556,0.0,-0.5555555555555556,1.0,0.5,0.0,1,1,1,111,0,0.0,-1.0
0,0.8805031446540881,0.0,-0.8805031446540881,1.0,0.9090909090909091,0.0,0,2,1,111,1,0.0,-2.0
1,0.8805031446540881,1.7610062893081762,0.8805031446540881,1.0,0.8,1.6,0,2,2,111,1,4.0,2.0
0,0.8805031446540881,0.8805031446540881,0.0,1.0,0.823529411764706,0.823529411764706,1,2,2,111,1,2.0,0.0
0,0.8805031446540881,0.44025157232704404,-0.44025157232704404,1.0,0.8888888888888888,0.4444444444444444,0,2,2,111,1,1.0,-1.0
1,0.8805031446540881,1.3207547169811322,0.44025157232704404,1.0,0.8571428571428571,1.2857142857142856,0,2,2,111,1,3.0,1.0
0,0.8805031446540881,0.44025157232704404,-0.44025157232704404,1.0,0.9090909090909091,0.45454545454545453,1,2,2,111,1,1.0,-1.0
1,0.8805031446540881,2.20125786163522,1.3207547169811322,1.0,0.8148148148148148,2.037037037037037,0,2,1,111,1,5.0,3.0
0,0.8805031446540881,0.8805031446540881,0.0,1.0,0.8275862068965518,0.8275862068965518,1,2,2,111,1,2.0,0.0
0,0.5555555555555556,0.5555555555555556,0.0,1.0,0.5454545454545455,0.5454545454545455,0,1,2,111,0,1.0,0.0
0,0.8805031446540881,1.3207547169811322,0.44025157232704404,1.0,0.8125,1.21875,0,2,1,111,1,3.0,1.0
0,0.8805031446540881,0.8805031446540881,0.0,1.0,0.823529411764706,0.823529411764706,0,2,2,111,1,2.0,0.0
1,0.5555555555555556,2.7777777777777777,2.2222222222222223,1.0,0.4375,2.1875,0,1,2,111,0,5.0,4.0
0,0.8805031446540881,0.0,-0.8805031446540881,1.0,0.8823529411764706,0.0,1,2,2,111,1,0.0,-2.0
0,0.8805031446540881,0.0,-0.8805031446540881,1.0,0.9411764705882353,0.0,0,2,2,111,1,0.0,-2.0
0,0.5555555555555556,0.0,-0.5555555555555556,1.0,0.5,0.0,0,1,2,111,0,0.0,-1.0
0,0.5555555555555556,0.0,-0.5555555555555556,1.0,0.5625,0.0,0,1,1,111,0,0.0,-1.0
0,0.8805031446540881,0.0,-0.8805031446540881,1.0,1.0,0.0,0,2,1,111,1,0.0,-2.0
1,0.8805031446540881,2.6415094339622645,1.7610062893081762,1.0,0.8999999999999999,2.6999999999999997,0,2,1,111,1,6.0,4.0
0,0.8805031446540881,0.0,-0.8805031446540881,1.0,0.9500000000000001,0.0,1,2,1,111,1,0.0,-2.0
1,0.8805031446540881,1.7610062893081762,0.8805031446540881,1.0,0.9090909090909091,1.8181818181818181,0,2,2,111,1,4.0,2.0
1,0.8805031446540881,2.20125786163522,1.3207547169811322,1.0,0.8571428571428571,2.142857142857143,1,2,1,111,1,5.0,3.0
0,0.5555555555555556,0.5555555555555556,0.0,1.0,0.5882352941176471,0.5882352941176471,1,1,1,111,0,1.0,0.0
0,0.8805031446540881,0.8805031446540881,0.0,1.0,0.8627450980392156,0.8627450980392156,0,2,1,111,1,2.0,0.0
1,0.5555555555555556,1.6666666666666665,1.1111111111111112,1.0,0.55,1.6500000000000001,0,1,1,111,0,3.0,2.0
0,0.5555555555555556,0.0,-0.5555555555555556,1.0,0.6,0.0,1,1,1,111,0,0.0,-1.0
1,0.5555555555555556,1.1111111111111112,0.5555555555555556,1.0,0.5909090909090909,1.1818181818181819,0,1,1,111,0,2.0,1.0
0,0.8805031446540881,0.0,-0.8805031446540881,1.0,0.9019607843137255,0.0,1,2,2,111,1,0.0,-2.0
0,0.8805031446540881,0.0,-0.8805031446540881,1.0,0.9411764705882353,0.0,0,2,1,111,1,0.0,-2.0
0,0.8805031446540881,0.0,-0.8805031446540881,1.0,0.9803921568627451,0.0,0,2,1,111,1,0.0,-2.0
1,0.5555555555555556,1.6666666666666665,1.1111111111111112,1.0,0.5599999999999999,1.68,0,1,2,111,0,3.0,2.0
0,0.5555555555555556,0.5555555555555556,0.0,1.0,0.5769230769230769,0.5769230769230769,1,1,2,111,0,1.0,0.0
0,0.8805031446540881,0.44025157232704404,-0.44025157232704404,1.0,1.0,0.5,0,2,1,111,1,1.0,-1.0
1,0.8805031446540881,1.7610062893081762,0.8805031446540881,1.0,0.9642857142857143,1.9285714285714286,0,2,1,111,1,4.0,2.0
1,0.8805031446540881,1.7610062893081762,0.8805031446540881,1.0,0.9333333333333333,1.8666666666666667,1,2,1,111,1,4.0,2.0
0,0.5555555555555556,0.0,-0.5555555555555556,1.0,0.6153846153846154,0.0,1,1,1,111,0,0.0,-1.0
0,0.8805031446540881,0.0,-0.8805031446540881,1.0,0.9666666666666666,0.0,0,2,2,111,1,0.0,-2.0
1,0.5555555555555556,2.7777777777777777,2.2222222222222223,1.0,0.5483870967741935,2.741935483870968,0,1,1,111,0,5.0,4.0
0,0.5555555555555556,0.0,-0.5555555555555556,1.0,0.5806451612903225,0.0,1,1,2,111,0,0.0,-1.0
1,0.8805031446540881,2.20125786163522,1.3207547169811322,1.0,0.9230769230769231,2.307692307692308,0,2,2,111,1,5.0,3.0
0,0.8805031446540881,0.0,-0.8805031446540881,1.0,0.9538461538461539,0.0,1,2,1,111,1,0.0,-2.0
1,0.8805031446540881,2.20125786163522,1.3207547169811322,1.0,0.9142857142857143,2.2857142857142856,0,2,1,111,1,5.0,3.0
0,0.8805031446540881,0.0,-0.8805031446540881,1.0,0.942857142857143,0.0,1,2,1,111,1,0.0,-2.0
1,0.8805031446540881,2.20125786163522,1.3207547169811322,1.0,0.9066666666666666,2.2666666666666666,0,2,1,111,1,5.0,3.0
1,0.8805031446540881,1.7610062893081762,0.8805031446540881,1.0,0.8860759493670887,1.7721518987341773,1,2,1,111,1,4.0,2.0
0,0.8805031446540881,0.0,-0.8805031446540881,1.0,0.9113924050632911,0.0,1,2,2,111,1,0.0,-2.0
1,0.8805031446540881,1.7610062893081762,0.8805031446540881,1.0,0.891566265060241,1.783132530120482,0,2,1,111,1,4.0,2.0
0,0.8805031446540881,0.0,-0.8805031446540881,1.0,0.9156626506024097,0.0,1,2,1,111,1,0.0,-2.0
0,0.8805031446540881,0.44025157232704404,-0.44025157232704404,1.0,0.9285714285714286,0.4642857142857143,0,2,2,111,1,1.0,-1.0
0,0.8805031446540881,0.44025157232704404,-0.44025157232704404,1.0,0.9411764705882353,0.47058823529411764,0,2,1,111,1,1.0,-1.0
1,0.8805031446540881,2.20125786163522,1.3207547169811322,1.0,0.9111111111111111,2.2777777777777777,0,2,2,111,1,5.0,3.0
1,0.5555555555555556,2.7777777777777777,2.2222222222222223,1.0,0.5277777777777778,2.638888888888889,1,1,2,111,0,5.0,4.0
0,0.5555555555555556,0.0,-0.5555555555555556,1.0,0.5555555555555556,0.0,1,1,1,111,0,0.0,-1.0
1,0.8805031446540881,0.8805031446540881,0.0,1.0,0.9130434782608695,0.9130434782608695,0,2,2,111,1,2.0,0.0
1,0.5555555555555556,2.7777777777777777,2.2222222222222223,1.0,0.5121951219512195,2.5609756097560976,100,1,1,111,0,5.0,4.0
0,0.8805031446540881,0.8805031446540881,0.0,1.0,0.9148936170212767,0.9148936170212767,1,2,2,111,1,2.0,0.0
1,0.8805031446540881,1.7610062893081762,0.8805031446540881,1.0,0.8979591836734695,1.795918367346939,0,2,1,111,1,4.0,2.0
0,0.5555555555555556,0.0,-0.5555555555555556,1.0,0.5365853658536586,0.0,1,1,2,111,0,0.0,-1.0
0,0.5555555555555556,0.5555555555555556,0.0,1.0,0.5476190476190477,0.5476190476190477,0,1,2,111,0,1.0,0.0
1,0.8805031446540881,1.7610062893081762,0.8805031446540881,1.0,0.8823529411764706,1.7647058823529411,0,2,1,111,1,4.0,2.0
0,0.5555555555555556,0.5555555555555556,0.0,1.0,0.5581395348837209,0.5581395348837209,1,1,1,111,0,1.0,0.0
1,0.8805031446540881,2.6415094339622645,1.7610062893081762,1.0,0.8518518518518517,2.5555555555555554,0,2,1,111,1,6.0,4.0
1,0.8805031446540881,1.7610062893081762,0.8805031446540881,1.0,0.8392857142857143,1.6785714285714286,1,2,2,111,1,4.0,2.0
1,0.8805031446540881,1.7610062893081762,0.8805031446540881,1.0,0.8275862068965518,1.6551724137931036,1,2,2,111,1,4.0,2.0
1,0.8805031446540881,1.7610062893081762,0.8805031446540881,1.0,0.8166666666666667,1.6333333333333333,1,2,1,111,1,4.0,2.0
1,0.8805031446540881,0.8805031446540881,0.0,1.0,0.819672131147541,0.819672131147541,1,2,2,111,1,2.0,0.0
0,0.8805031446540881,0.0,-0.8805031446540881,1.0,0.8360655737704918,0.0,1,2,2,111,1,0.0,-2.0
0,0.8805031446540881,0.8805031446540881,0.0,1.0,0.8387096774193549,0.8387096774193549,0,2,1,111,1,2.0,0.0
0,0.5555555555555556,0.0,-0.5555555555555556,1.0,0.5813953488372093,0.0,0,1,2,111,0,0.0,-1.0
0,0.8805031446540881,0.8805031446540881,0.0,1.0,0.8412698412698413,0.8412698412698413,0,2,1,111,1,2.0,0.0
0,0.8805031446540881,0.0,-0.8805031446540881,1.0,0.8571428571428571,0.0,0,2,2,111,1,0.0,-2.0
0,0.8805031446540881,0.0,-0.8805031446540881,1.0,0.873015873015873,0.0,0,2,1,111,1,0.0,-2.0
0,0.5555555555555556,0.5555555555555556,0.0,1.0,0.5909090909090909,0.5909090909090909,0,1,1,111,0,1.0,0.0
0,0.5555555555555556,0.0,-0.5555555555555556,1.0,0.6136363636363636,0.0,0,1,1,111,0,0.0,-1.0
0,0.8805031446540881,1.3207547169811322,0.44025157232704404,1.0,0.868217054263566,1.302325581395349,0,2,1,111,1,3.0,1.0
0,0.5555555555555556,0.0,-0.5555555555555556,1.0,0.6363636363636364,0.0,0,1,2,111,0,0.0,-1.0
0,0.8805031446540881,0.8805031446540881,0.0,1.0,0.8702290076335878,0.8702290076335878,0,2,1,111,1,2.0,0.0
0,0.5555555555555556,1.1111111111111112,0.5555555555555556,1.0,0.6304347826086957,1.2608695652173914,0,1,2,111,0,2.0,1.0
0,0.8805031446540881,0.8805031446540881,0.0,1.0,0.8721804511278195,0.8721804511278195,0,2,1,111,1,2.0,0.0
0,0.8805031446540881,0.0,-0.8805031446540881,1.0,0.8872180451127819,0.0,0,2,1,111,1,0.0,-2.0
1,0.5555555555555556,1.6666666666666665,1.1111111111111112,1.0,0.6122448979591837,1.836734693877551,0,1,1,111,0,3.0,2.0
1,0.8805031446540881,1.7610062893081762,0.8805031446540881,1.0,0.8759124087591241,1.7518248175182483,1,2,2,111,1,4.0,2.0
0,0.8805031446540881,0.44025157232704404,-0.44025157232704404,1.0,0.8840579710144928,0.4420289855072464,1,2,1,111,1,1.0,-1.0
1,0.8805031446540881,1.7610062893081762,0.8805031446540881,1.0,0.8732394366197183,1.7464788732394365,0,2,1,111,1,4.0,2.0
1,0.5555555555555556,1.6666666666666665,1.1111111111111112,1.0,0.5961538461538461,1.7884615384615383,1,1,1,111,0,3.0,2.0
0,0.5555555555555556,0.0,-0.5555555555555556,1.0,0.6153846153846154,0.0,1,1,2,111,0,0.0,-1.0
1,0.5555555555555556,2.7777777777777777,2.2222222222222223,1.0,0.5789473684210527,2.8947368421052633,0,1,1,111,0,5.0,4.0
0,0.8805031446540881,0.0,-0.8805031446540881,1.0,0.8873239436619719,0.0,1,2,2,111,1,0.0,-2.0
1,0.8805031446540881,1.7610062893081762,0.8805031446540881,1.0,0.8767123287671232,1.7534246575342465,0,2,1,111,1,4.0,2.0
0,0.5555555555555556,0.0,-0.5555555555555556,1.0,0.5964912280701754,0.0,1,1,2,111,0,0.0,-1.0
0,0.8805031446540881,0.0,-0.8805031446540881,1.0,0.8904109589041096,0.0,0,2,1,111,1,0.0,-2.0
1,0.8805031446540881,1.7610062893081762,0.8805031446540881,1.0,0.8799999999999999,1.7599999999999998,0,2,2,111,1,4.0,2.0
1,0.5555555555555556,2.7777777777777777,2.2222222222222223,1.0,0.5645161290322581,2.8225806451612905,1,1,1,111,0,5.0,4.0
0,0.8805031446540881,0.8805031446540881,0.0,1.0,0.8815789473684211,0.8815789473684211,1,2,1,111,1,2.0,0.0
1,0.8805031446540881,3.9622641509433962,3.0817610062893084,1.0,0.84472049689441,3.801242236024845,0,2,1,111,1,9.0,7.0
1,0.8805031446540881,0.0,-0.8805031446540881,1.0,0.8571428571428571,0.0,1,2,2,111,1,0.0,-2.0
0,0.8805031446540881,0.8805031446540881,0.0,1.0,0.8588957055214723,0.8588957055214723,1,2,2,111,1,2.0,0.0
1,0.8805031446540881,1.7610062893081762,0.8805031446540881,1.0,0.8502994011976048,1.7005988023952097,0,2,2,111,1,4.0,2.0
0,0.5555555555555556,0.0,-0.5555555555555556,1.0,0.5806451612903225,0.0,1,1,1,111,0,0.0,-1.0
0,0.8805031446540881,0.0,-0.8805031446540881,1.0,0.8622754491017963,0.0,0,2,2,111,1,0.0,-2.0
1,0.5555555555555556,2.7777777777777777,2.2222222222222223,1.0,0.5522388059701493,2.7611940298507465,0,1,2,111,0,5.0,4.0
0,0.5555555555555556,0.0,-0.5555555555555556,1.0,0.5671641791044776,0.0,1,1,2,111,0,0.0,-1.0
1,0.8805031446540881,0.0,-0.8805031446540881,1.0,0.8742514970059881,0.0,0,2,2,111,1,0.0,-2.0
1,0.8805031446540881,1.7610062893081762,0.8805031446540881,1.0,0.8654970760233918,1.7309941520467835,1,2,2,111,1,4.0,2.0
1,0.8805031446540881,1.7610062893081762,0.8805031446540881,1.0,0.8571428571428571,1.7142857142857142,1,2,1,111,1,4.0,2.0
0,0.8805031446540881,0.0,-0.8805031446540881,1.0,0.8685714285714285,0.0,1,2,2,111,1,0.0,-2.0
1,0.8805031446540881,0.8805031446540881,0.0,1.0,0.8700564971751412,0.8700564971751412,0,2,1,111,1,2.0,0.0
0,0.5555555555555556,0.0,-0.5555555555555556,1.0,0.582089552238806,0.0,1,1,1,111,0,0.0,-1.0
1,0.5555555555555556,2.7777777777777777,2.2222222222222223,1.0,0.5555555555555556,2.7777777777777777,0,1,2,111,0,5.0,4.0
0,0.8805031446540881,0.0,-0.8805031446540881,1.0,0.8813559322033898,0.0,1,2,1,111,1,0.0,-2.0
0,0.8805031446540881,0.0,-0.8805031446540881,1.0,0.8926553672316384,0.0,0,2,1,111,1,0.0,-2.0
1,0.8805031446540881,1.7610062893081762,0.8805031446540881,1.0,0.8839779005524862,1.7679558011049723,0,2,2,111,1,4.0,2.0
1,0.8805031446540881,1.7610062893081762,0.8805031446540881,1.0,0.8756756756756757,1.7513513513513514,1,2,2,111,1,4.0,2.0
0,0.8805031446540881,0.8805031446540881,0.0,1.0,0.877005347593583,0.877005347593583,1,2,1,111,1,2.0,0.0
0,0.8805031446540881,0.0,-0.8805031446540881,1.0,0.8877005347593583,0.0,0,2,2,111,1,0.0,-2.0
0,0.8805031446540881,0.0,-0.8805031446540881,1.0,0.8983957219251336,0.0,0,2,1,111,1,0.0,-2.0
0,0.5555555555555556,0.0,-0.5555555555555556,1.0,0.5694444444444444,0.0,100,1,1,111,0,0.0,-1.0
0,0.5555555555555556,0.0,-0.5555555555555556,1.0,0.5833333333333334,0.0,0,1,1,111,0,0.0,-1.0
1,0.8805031446540881,1.3207547169811322,0.44025157232704404,1.0,0.8947368421052632,1.3421052631578947,0,2,2,111,1,3.0,1.0
0,0.8805031446540881,0.0,-0.8805031446540881,1.0,0.9052631578947369,0.0,1,2,1,111,1,0.0,-2.0
0,0.8805031446540881,0.8805031446540881,0.0,1.0,0.90625,0.90625,0,2,2,111,1,2.0,0.0
0,0.8805031446540881,0.0,-0.8805031446540881,1.0,0.9166666666666667,0.0,0,2,1,111,1,0.0,-2.0
1,0.8805031446540881,1.7610062893081762,0.8805031446540881,1.0,0.9081632653061225,1.816326530612245,0,2,2,111,1,4.0,2.0
1,0.5555555555555556,1.1111111111111112,0.5555555555555556,1.0,0.5810810810810811,1.1621621621621623,1,1,1,111,0,2.0,1.0
0,0.8805031446540881,0.0,-0.8805031446540881,1.0,0.9183673469387756,0.0,1,2,2,111,1,0.0,-2.0
0,0.8805031446540881,1.3207547169811322,0.44025157232704404,1.0,0.9145728643216081,1.3718592964824121,0,2,2,111,1,3.0,1.0
1,0.8805031446540881,1.7610062893081762,0.8805031446540881,1.0,0.9064039408866996,1.8128078817733992,0,2,1,111,1,4.0,2.0
1,0.5555555555555556,2.7777777777777777,2.2222222222222223,1.0,0.5569620253164557,2.7848101265822787,1,1,1,111,0,5.0,4.0
1,0.8805031446540881,1.7610062893081762,0.8805031446540881,1.0,0.8985507246376813,1.7971014492753625,1,2,2,111,1,4.0,2.0
0,0.5555555555555556,0.0,-0.5555555555555556,1.0,0.569620253164557,0.0,1,1,2,111,0,0.0,-1.0
0,0.8805031446540881,0.44025157232704404,-0.44025157232704404,1.0,0.9038461538461539,0.4519230769230769,0,2,1,111,1,1.0,-1.0
0,0.5555555555555556,0.0,-0.5555555555555556,1.0,0.5822784810126582,0.0,0,1,2,111,0,0.0,-1.0
1,0.8805031446540881,1.7610062893081762,0.8805031446540881,1.0,0.8962264150943396,1.7924528301886793,0,2,1,111,1,4.0,2.0
1,0.8805031446540881,1.3207547169811322,0.44025157232704404,1.0,0.8930232558139535,1.3395348837209302,1,2,2,111,1,3.0,1.0
1,0.5555555555555556,2.7777777777777777,2.2222222222222223,1.0,0.5595238095238095,2.797619047619048,1,1,2,111,0,5.0,4.0
0,0.8805031446540881,0.0,-0.8805031446540881,1.0,0.9023255813953488,0.0,1,2,1,111,1,0.0,-2.0
1,0.8805031446540881,0.8805031446540881,0.0,1.0,0.9032258064516129,0.9032258064516129,0,2,2,111,1,2.0,0.0
1,0.8805031446540881,1.3207547169811322,0.44025157232704404,1.0,0.8999999999999999,1.3499999999999999,1,2,2,111,1,3.0,1.0
1,0.8805031446540881,1.7610062893081762,0.8805031446540881,1.0,0.8928571428571428,1.7857142857142856,1,2,2,111,1,4.0,2.0
1,0.8805031446540881,1.3207547169811322,0.44025157232704404,1.0,0.8898678414096916,1.3348017621145374,1,2,2,111,1,3.0,1.0
0,0.8805031446540881,0.44025157232704404,-0.44025157232704404,1.0,0.8947368421052632,0.4473684210526316,1,2,2,111,1,1.0,-1.0
1,0.5555555555555556,1.6666666666666665,1.1111111111111112,1.0,0.5517241379310345,1.6551724137931034,0,1,1,111,0,3.0,2.0
0,0.8805031446540881,0.0,-0.8805031446540881,1.0,0.9035087719298246,0.0,1,2,1,111,1,0.0,-2.0
0,0.8805031446540881,0.8805031446540881,0.0,1.0,0.9043478260869565,0.9043478260869565,0,2,1,111,1,2.0,0.0
0,0.5555555555555556,0.0,-0.5555555555555556,1.0,0.5632183908045977,0.0,0,1,2,111,0,0.0,-1.0
0,0.8805031446540881,0.8805031446540881,0.0,1.0,0.9051724137931034,0.9051724137931034,0,2,2,111,1,2.0,0.0
1,0.8805031446540881,1.7610062893081762,0.8805031446540881,1.0,0.8983050847457628,1.7966101694915255,0,2,2,111,1,4.0,2.0
1,0.8805031446540881,1.7610062893081762,0.8805031446540881,1.0,0.8916666666666667,1.7833333333333334,1,2,1,111,1,4.0,2.0
0,0.5555555555555556,0.0,-0.5555555555555556,1.0,0.5747126436781609,0.0,1,1,2,111,0,0.0,-1.0
1,0.5555555555555556,2.7777777777777777,2.2222222222222223,1.0,0.5543478260869565,2.7717391304347827,0,1,1,111,0,5.0,4.0
0,0.8805031446540881,0.0,-0.8805031446540881,1.0,0.8999999999999999,0.0,1,2,1,111,1,0.0,-2.0
1,0.8805031446540881,1.7610062893081762,0.8805031446540881,1.0,0.8934426229508197,1.7868852459016393,0,2,1,111,1,4.0,2.0
1,0.8805031446540881,1.7610062893081762,0.8805031446540881,1.0,0.8870967741935485,1.774193548387097,1,2,2,111,1,4.0,2.0
0,0.8805031446540881,0.0,-0.8805031446540881,1.0,0.8951612903225807,0.0,1,2,1,111,1,0.0,-2.0
1,0.8805031446540881,1.3207547169811322,0.44025157232704404,1.0,0.8924302788844622,1.3386454183266934,0,2,1,111,1,3.0,1.0
1,0.5555555555555556,1.6666666666666665,1.1111111111111112,1.0,0.5473684210526316,1.6421052631578947,1,1,1,111,0,3.0,2.0
1,0.8805031446540881,0.8805031446540881,0.0,1.0,0.8932806324110671,0.8932806324110671,1,2,1,111,1,2.0,0.0
1,0.8805031446540881,2.20125786163522,1.3207547169811322,1.0,0.8837209302325582,2.2093023255813953,1,2,1,111,1,5.0,3.0
0,0.8805031446540881,0.0,-0.8805031446540881,1.0,0.8914728682170543,0.0,1,2,2,111,1,0.0,-2.0
0,0.8805031446540881,0.0,-0.8805031446540881,1.0,0.8992248062015504,0.0,0,2,2,111,1,0.0,-2.0
0,0.8805031446540881,0.0,-0.8805031446540881,1.0,0.9069767441860465,0.0,0,2,2,111,1,0.0,-2.0
0,0.8805031446540881,0.0,-0.8805031446540881,1.0,0.9147286821705427,0.0,0,2,2,111,1,0.0,-2.0
0,0.5555555555555556,0.0,-0.5555555555555556,1.0,0.5578947368421052,0.0,0,1,2,111,0,0.0,-1.0
0,0.5555555555555556,0.5555555555555556,0.0,1.0,0.5625,0.5625,0,1,2,111,0,1.0,0.0
0,0.8805031446540881,0.0,-0.8805031446540881,1.0,0.9224806201550388,0.0,0,2,2,111,1,0.0,-2.0
0,0.8805031446540881,0.0,-0.8805031446540881,1.0,0.9302325581395349,0.0,0,2,2,111,1,0.0,-2.0
0,0.8805031446540881,0.8805031446540881,0.0,1.0,0.9307692307692308,0.9307692307692308,0,2,1,111,1,2.0,0.0
0,0.5555555555555556,0.5555555555555556,0.0,1.0,0.5670103092783505,0.5670103092783505,0,1,2,111,0,1.0,0.0
0,0.8805031446540881,0.0,-0.8805031446540881,1.0,0.9384615384615383,0.0,0,2,2,111,1,0.0,-2.0
0,0.8805031446540881,4.8427672955974845,3.9622641509433962,1.0,0.9077490774907749,4.9926199261992625,0,2,2,111,1,11.0,9.0
0,0.8805031446540881,0.8805031446540881,0.0,1.0,0.9084249084249084,0.9084249084249084,0,2,2,111,1,2.0,0.0
0,0.5555555555555556,0.5555555555555556,0.0,1.0,0.5714285714285714,0.5714285714285714,0,1,1,111,0,1.0,0.0
0,0.8805031446540881,0.0,-0.8805031446540881,1.0,0.9157509157509157,0.0,0,2,2,111,1,0.0,-2.0
1,0.8805031446540881,1.7610062893081762,0.8805031446540881,1.0,0.9097472924187725,1.819494584837545,0,2,1,111,1,4.0,2.0
0,0.5555555555555556,0.0,-0.5555555555555556,1.0,0.5816326530612245,0.0,1,1,1,111,0,0.0,-1.0
1,0.5555555555555556,2.7777777777777777,2.2222222222222223,1.0,0.5631067961165048,2.815533980582524,0,1,2,111,0,5.0,4.0
0,0.5555555555555556,0.0,-0.5555555555555556,1.0,0.5728155339805825,0.0,1,1,2,111,0,0.0,-1.0
1,0.5555555555555556,2.7777777777777777,2.2222222222222223,1.0,0.5555555555555556,2.7777777777777777,0,1,2,111,0,5.0,4.0
0,0.8805031446540881,0.0,-0.8805031446540881,1.0,0.9169675090252707,0.0,100,2,2,111,1,0.0,-2.0
1,0.8805031446540881,3.5220125786163523,2.6415094339622645,1.0,0.8982456140350877,3.592982456140351,0,2,2,111,1,8.0,6.0
0,0.8805031446540881,0.8805031446540881,0.0,1.0,0.8989547038327527,0.8989547038327527,1,2,2,111,1,2.0,0.0
1,0.8805031446540881,0.8805031446540881,0.0,1.0,0.8996539792387542,0.8996539792387542,0,2,2,111,1,2.0,0.0
1,0.5555555555555556,1.6666666666666665,1.1111111111111112,1.0,0.5495495495495495,1.6486486486486487,1,1,2,111,0,3.0,2.0
0,0.8805031446540881,0.0,-0.8805031446540881,1.0,0.9065743944636678,0.0,1,2,2,111,1,0.0,-2.0
0,0.8805031446540881,0.0,-0.8805031446540881,1.0,0.9134948096885813,0.0,0,2,1,111,1,0.0,-2.0
0,0.8805031446540881,0.0,-0.8805031446540881,1.0,0.9204152249134947,0.0,0,2,1,111,1,0.0,-2.0
1,0.8805031446540881,0.44025157232704404,-0.44025157232704404,1.0,0.9241379310344828,0.4620689655172414,0,2,1,111,1,1.0,-1.0
0,0.5555555555555556,0.0,-0.5555555555555556,1.0,0.5585585585585585,0.0,1,1,1,111,0,0.0,-1.0
1,0.5555555555555556,2.7777777777777777,2.2222222222222223,1.0,0.5431034482758621,2.7155172413793105,0,1,2,111,0,5.0,4.0
1,0.8805031446540881,2.6415094339622645,1.7610062893081762,1.0,0.9121621621621622,2.7364864864864864,1,2,1,111,1,6.0,4.0
1,0.8805031446540881,1.7610062893081762,0.8805031446540881,1.0,0.9066666666666666,1.8133333333333332,1,2,1,111,1,4.0,2.0
1,0.8805031446540881,0.8805031446540881,0.0,1.0,0.9072847682119205,0.9072847682119205,1,2,1,111,1,2.0,0.0
1,0.8805031446540881,2.20125786163522,1.3207547169811322,1.0,0.8990228013029316,2.247557003257329,1,2,1,111,1,5.0,3.0
0,0.8805031446540881,0.8805031446540881,0.0,1.0,0.8996763754045307,0.8996763754045307,1,2,2,111,1,2.0,0.0
0,0.8805031446540881,0.44025157232704404,-0.44025157232704404,1.0,0.9032258064516129,0.45161290322580644,0,2,1,111,1,1.0,-1.0
1,0.5555555555555556,1.1111111111111112,0.5555555555555556,1.0,0.5423728813559322,1.0847457627118644,0,1,2,111,0,2.0,1.0
1,0.8805031446540881,2.20125786163522,1.3207547169811322,1.0,0.8952380952380953,2.238095238095238,1,2,2,111,1,5.0,3.0
1,0.8805031446540881,3.5220125786163523,2.6415094339622645,1.0,0.8792569659442725,3.51702786377709,1,2,2,111,1,8.0,6.0
0,0.5555555555555556,0.0,-0.5555555555555556,1.0,0.5508474576271186,0.0,1,1,1,111,0,0.0,-1.0
1,0.8805031446540881,1.3207547169811322,0.44025157232704404,1.0,0.8773006134969326,1.315950920245399,0,2,1,111,1,3.0,1.0
1,0.5555555555555556,2.7777777777777777,2.2222222222222223,1.0,0.5365853658536586,2.682926829268293,1,1,1,111,0,5.0,4.0
0,0.8805031446540881,0.8805031446540881,0.0,1.0,0.8780487804878049,0.8780487804878049,1,2,1,111,1,2.0,0.0
1,0.5555555555555556,2.7777777777777777,2.2222222222222223,1.0,0.5234375,2.6171875,0,1,2,111,0,5.0,4.0
1,0.8805031446540881,1.7610062893081762,0.8805031446540881,1.0,0.8734939759036144,1.7469879518072289,1,2,1,111,1,4.0,2.0
0,0.8805031446540881,0.0,-0.8805031446540881,1.0,0.8795180722891566,0.0,1,2,2,111,1,0.0,-2.0
1,0.8805031446540881,1.7610062893081762,0.8805031446540881,1.0,0.875,1.75,0,2,1,111,1,4.0,2.0
1,0.8805031446540881,1.7610062893081762,0.8805031446540881,1.0,0.8705882352941177,1.7411764705882353,1,2,2,111,1,4.0,2.0
1,0.5555555555555556,2.7777777777777777,2.2222222222222223,1.0,0.5112781954887218,2.556390977443609,1,1,2,111,0,5.0,4.0
0,0.8805031446540881,0.44025157232704404,-0.44025157232704404,1.0,0.873900293255132,0.436950146627566,1,2,2,111,1,1.0,-1.0
0,0.5555555555555556,0.0,-0.5555555555555556,1.0,0.518796992481203,0.0,0,1,2,111,0,0.0,-1.0
0,0.8805031446540881,0.0,-0.8805031446540881,1.0,0.8797653958944281,0.0,0,2,1,111,1,0.0,-2.0
1,0.8805031446540881,1.7610062893081762,0.8805031446540881,1.0,0.8753623188405798,1.7507246376811596,0,2,1,111,1,4.0,2.0
0,0.8805031446540881,0.44025157232704404,-0.44025157232704404,1.0,0.8786127167630058,0.4393063583815029,1,2,1,111,1,1.0,-1.0
0,0.8805031446540881,0.44025157232704404,-0.44025157232704404,1.0,0.8818443804034583,0.4409221902017291,0,2,2,111,1,1.0,-1.0
1,0.8805031446540881,1.7610062893081762,0.8805031446540881,1.0,0.8774928774928775,1.754985754985755,0,2,2,111,1,4.0,2.0
1,0.8805031446540881,0.8805031446540881,0.0,1.0,0.878186968838527,0.878186968838527,1,2,1,111,1,2.0,0.0
0,0.5555555555555556,0.0,-0.5555555555555556,1.0,0.5263157894736842,0.0,1,1,1,111,0,0.0,-1.0
1,0.8805031446540881,0.44025157232704404,-0.44025157232704404,1.0,0.8813559322033898,0.4406779661016949,0,2,1,111,1,1.0,-1.0
0,0.8805031446540881,1.3207547169811322,0.44025157232704404,1.0,0.8795518207282913,1.319327731092437,1,2,1,111,1,3.0,1.0
1,0.8805031446540881,0.8805031446540881,0.0,1.0,0.8802228412256267,0.8802228412256267,0,2,2,111,1,2.0,0.0
0,0.5555555555555556,0.0,-0.5555555555555556,1.0,0.5338345864661654,0.0,1,1,1,111,0,0.0,-1.0
0,0.5555555555555556,0.5555555555555556,0.0,1.0,0.5373134328358209,0.5373134328358209,0,1,1,111,0,1.0,0.0
0,0.5555555555555556,0.0,-0.5555555555555556,1.0,0.5447761194029851,0.0,0,1,1,111,0,0.0,-1.0
1,0.8805031446540881,1.7610062893081762,0.8805031446540881,1.0,0.8760330578512396,1.7520661157024793,0,2,2,111,1,4.0,2.0
1,0.8805031446540881,1.7610062893081762,0.8805031446540881,1.0,0.871934604904632,1.743869209809264,1,2,2,111,1,4.0,2.0
0,0.8805031446540881,0.0,-0.8805031446540881,1.0,0.8773841961852861,0.0,1,2,1,111,1,0.0,-2.0
0,0.8805031446540881,0.0,-0.8805031446540881,1.0,0.8828337874659401,0.0,0,2,2,111,1,0.0,-2.0
1,0.5555555555555556,0.0,-0.5555555555555556,1.0,0.5522388059701493,0.0,0,1,1,111,0,0.0,-1.0
1,0.8805031446540881,2.20125786163522,1.3207547169811322,1.0,0.8763440860215054,2.1908602150537635,1,2,2,111,1,5.0,3.0
0,0.8805031446540881,0.0,-0.8805031446540881,1.0,0.881720430107527,0.0,1,2,2,111,1,0.0,-2.0
1,0.5555555555555556,1.6666666666666665,1.1111111111111112,1.0,0.5474452554744526,1.6423357664233578,0,1,2,111,0,3.0,2.0
1,0.8805031446540881,1.7610062893081762,0.8805031446540881,1.0,0.8776595744680851,1.7553191489361701,1,2,1,111,1,4.0,2.0
1,0.8805031446540881,2.6415094339622645,1.7610062893081762,1.0,0.869109947643979,2.607329842931937,1,2,2,111,1,6.0,4.0
1,0.5555555555555556,2.7777777777777777,2.2222222222222223,1.0,0.5352112676056338,2.676056338028169,1,1,1,111,0,5.0,4.0
0,0.5555555555555556,0.5555555555555556,0.0,1.0,0.5384615384615384,0.5384615384615384,1,1,1,111,0,1.0,0.0
0,0.5555555555555556,0.0,-0.5555555555555556,1.0,0.5454545454545455,0.0,0,1,1,111,0,0.0,-1.0
0,0.5555555555555556,0.0,-0.5555555555555556,1.0,0.5524475524475524,0.0,0,1,2,111,0,0.0,-1.0
0,0.8805031446540881,0.0,-0.8805031446540881,1.0,0.8743455497382199,0.0,0,2,1,111,1,0.0,-2.0
0,0.5555555555555556,0.5555555555555556,0.0,1.0,0.5555555555555556,0.5555555555555556,0,1,1,111,0,1.0,0.0
1,0.8805031446540881,1.7610062893081762,0.8805031446540881,1.0,0.8704663212435234,1.7409326424870468,0,2,1,111,1,4.0,2.0
0,0.8805031446540881,0.0,-0.8805031446540881,1.0,0.8756476683937824,0.0,100,2,1,111,1,0.0,-2.0
1,0.8805031446540881,0.44025157232704404,-0.44025157232704404,1.0,0.8785529715762275,0.43927648578811374,0,2,2,111,1,1.0,-1.0
0,0.5555555555555556,0.0,-0.5555555555555556,1.0,0.5625,0.0,1,1,2,111,0,0.0,-1.0
1,0.5555555555555556,1.6666666666666665,1.1111111111111112,1.0,0.5578231292517006,1.673469387755102,0,1,2,111,0,3.0,2.0
1,0.5555555555555556,2.7777777777777777,2.2222222222222223,1.0,0.5460526315789473,2.730263157894737,1,1,2,111,0,5.0,4.0
0,0.8805031446540881,0.8805031446540881,0.0,1.0,0.8791773778920309,0.8791773778920309,1,2,1,111,1,2.0,0.0
0,0.5555555555555556,0.5555555555555556,0.0,1.0,0.5490196078431373,0.5490196078431373,0,1,2,111,0,1.0,0.0
0,0.5555555555555556,0.0,-0.5555555555555556,1.0,0.5555555555555556,0.0,0,1,2,111,0,0.0,-1.0
1,0.5555555555555556,2.7777777777777777,2.2222222222222223,1.0,0.5443037974683544,2.7215189873417724,0,1,2,111,0,5.0,4.0
1,0.8805031446540881,2.20125786163522,1.3207547169811322,1.0,0.8730964467005076,2.182741116751269,1,2,1,111,1,5.0,3.0
1,0.8805031446540881,1.7610062893081762,0.8805031446540881,1.0,0.8693467336683417,1.7386934673366834,1,2,1,111,1,4.0,2.0
1,0.8805031446540881,3.5220125786163523,2.6415094339622645,1.0,0.8571428571428571,3.4285714285714284,1,2,1,111,1,8.0,6.0
1,0.5555555555555556,2.7777777777777777,2.2222222222222223,1.0,0.5337423312883436,2.668711656441718,1,1,2,111,0,5.0,4.0
0,0.8805031446540881,0.0,-0.8805031446540881,1.0,0.8620689655172414,0.0,1,2,2,111,1,0.0,-2.0
1,0.8805031446540881,1.7610062893081762,0.8805031446540881,1.0,0.8585365853658536,1.7170731707317073,0,2,2,111,1,4.0,2.0
1,0.8805031446540881,0.0,-0.8805031446540881,1.0,0.8634146341463413,0.0,1,2,1,111,1,0.0,-2.0
1,0.8805031446540881,0.8805031446540881,0.0,1.0,0.8640776699029127,0.8640776699029127,1,2,1,111,1,2.0,0.0
1,0.8805031446540881,0.8805031446540881,0.0,1.0,0.8647342995169082,0.8647342995169082,1,2,1,111,1,2.0,0.0
0,0.5555555555555556,0.5555555555555556,0.0,1.0,0.5365853658536586,0.5365853658536586,1,1,2,111,0,1.0,0.0
1,0.8805031446540881,0.8805031446540881,0.0,1.0,0.8653846153846154,0.8653846153846154,0,2,1,111,1,2.0,0.0
0,0.5555555555555556,0.0,-0.5555555555555556,1.0,0.5426829268292682,0.0,1,1,1,111,0,0.0,-1.0
0,0.8805031446540881,0.0,-0.8805031446540881,1.0,0.8701923076923077,0.0,0,2,2,111,1,0.0,-2.0
1,0.8805031446540881,1.7610062893081762,0.8805031446540881,1.0,0.8666666666666667,1.7333333333333334,0,2,1,111,1,4.0,2.0
1,0.5555555555555556,2.7777777777777777,2.2222222222222223,1.0,0.5325443786982249,2.662721893491124,1,1,2,111,0,5.0,4.0
1,0.5555555555555556,1.1111111111111112,0.5555555555555556,1.0,0.5321637426900585,1.064327485380117,1,1,1,111,0,2.0,1.0
0,0.8805031446540881,0.44025157232704404,-0.44025157232704404,1.0,0.8693586698337292,0.4346793349168646,1,2,1,111,1,1.0,-1.0
0,0.8805031446540881,0.0,-0.8805031446540881,1.0,0.8741092636579573,0.0,0,2,2,111,1,0.0,-2.0
1,0.8805031446540881,0.44025157232704404,-0.44025157232704404,1.0,0.8767772511848342,0.4383886255924171,0,2,1,111,1,1.0,-1.0
0,0.5555555555555556,0.0,-0.5555555555555556,1.0,0.5380116959064327,0.0,1,1,1,111,0,0.0,-1.0
0,0.8805031446540881,0.0,-0.8805031446540881,1.0,0.881516587677725,0.0,0,2,1,111,1,0.0,-2.0
0,0.8805031446540881,0.0,-0.8805031446540881,1.0,0.886255924170616,0.0,0,2,2,111,1,0.0,-2.0
0,0.5555555555555556,0.0,-0.5555555555555556,1.0,0.543859649122807,0.0,0,1,1,111,0,0.0,-1.0
1,0.8805031446540881,3.0817610062893084,2.20125786163522,1.0,0.8764568764568764,3.0675990675990676,0,2,1,111,1,7.0,5.0
0,0.5555555555555556,0.0,-0.5555555555555556,1.0,0.5497076023391814,0.0,1,1,1,111,0,0.0,-1.0
1,0.8805031446540881,1.7610062893081762,0.8805031446540881,1.0,0.8729792147806004,1.7459584295612007,0,2,1,111,1,4.0,2.0
0,0.8805031446540881,0.0,-0.8805031446540881,1.0,0.8775981524249422,0.0,1,2,2,111,1,0.0,-2.0
1,0.8805031446540881,1.7610062893081762,0.8805031446540881,1.0,0.8741418764302059,1.7482837528604118,0,2,1,111,1,4.0,2.0
0,0.8805031446540881,0.0,-0.8805031446540881,1.0,0.8787185354691076,0.0,1,2,2,111,1,0.0,-2.0
1,0.8805031446540881,2.20125786163522,1.3207547169811322,1.0,0.8733031674208144,2.183257918552036,0,2,2,111,1,5.0,3.0
0,0.8805031446540881,0.44025157232704404,-0.44025157232704404,1.0,0.8758465011286682,0.4379232505643341,1,2,1,111,1,1.0,-1.0
0,0.8805031446540881,0.0,-0.8805031446540881,1.0,0.8803611738148984,0.0,0,2,2,111,1,0.0,-2.0
0,0.5555555555555556,0.0,-0.5555555555555556,1.0,0.5555555555555556,0.0,0,1,2,111,0,0.0,-1.0
0,0.8805031446540881,0.8805031446540881,0.0,1.0,0.8808988764044945,0.8808988764044945,0,2,1,111,1,2.0,0.0
0,0.8805031446540881,0.44025157232704404,-0.44025157232704404,1.0,0.8834080717488789,0.44170403587443946,0,2,2,111,1,1.0,-1.0
0,0.5555555555555556,0.0,-0.5555555555555556,1.0,0.5614035087719298,0.0,0,1,1,111,0,0.0,-1.0
1,0.8805031446540881,1.7610062893081762,0.8805031446540881,1.0,0.8799999999999999,1.7599999999999998,0,2,2,111,1,4.0,2.0
1,0.5555555555555556,1.6666666666666665,1.1111111111111112,1.0,0.557471264367816,1.6724137931034482,1,1,1,111,0,3.0,2.0
0,0.8805031446540881,0.0,-0.8805031446540881,1.0,0.8844444444444445,0.0,1,2,1,111,1,0.0,-2.0
0,0.8805031446540881,0.0,-0.8805031446540881,1.0,0.8888888888888888,0.0,0,2,2,111,1,0.0,-2.0
1,0.8805031446540881,1.7610062893081762,0.8805031446540881,1.0,0.8854625550660792,1.7709251101321584,0,2,1,111,1,4.0,2.0
1,0.8805031446540881,1.7610062893081762,0.8805031446540881,1.0,0.8820960698689957,1.7641921397379914,1,2,2,111,1,4.0,2.0
0,0.5555555555555556,0.0,-0.5555555555555556,1.0,0.5632183908045977,0.0,1,1,1,111,0,0.0,-1.0
0,0.8805031446540881,0.0,-0.8805031446540881,1.0,0.8864628820960698,0.0,0,2,1,111,1,0.0,-2.0
0,0.5555555555555556,0.5555555555555556,0.0,1.0,0.5657142857142857,0.5657142857142857,0,1,1,111,0,1.0,0.0
0,0.8805031446540881,0.44025157232704404,-0.44025157232704404,1.0,0.8888888888888888,0.4444444444444444,0,2,2,111,1,1.0,-1.0
1,0.8805031446540881,1.7610062893081762,0.8805031446540881,1.0,0.8855291576673867,1.7710583153347734,0,2,1,111,1,4.0,2.0
0,0.8805031446540881,0.0,-0.8805031446540881,1.0,0.8898488120950323,0.0,1,2,1,111,1,0.0,-2.0
0,0.8805031446540881,0.0,-0.8805031446540881,1.0,0.8941684665226781,0.0,0,2,2,111,1,0.0,-2.0
1,0.5555555555555556,2.7777777777777777,2.2222222222222223,1.0,0.5555555555555556,2.7777777777777777,0,1,1,111,0,5.0,4.0
1,0.8805031446540881,2.6415094339622645,1.7610062893081762,1.0,0.8869936034115138,2.660980810234541,1,2,1,111,1,6.0,4.0
0,0.8805031446540881,0.0,-0.8805031446540881,1.0,0.8912579957356077,0.0,1,2,2,111,1,0.0,-2.0
1,0.8805031446540881,3.5220125786163523,2.6415094339622645,1.0,0.8805031446540881,3.5220125786163523,0,2,2,111,1,8.0,6.0
0,0.8695652173913044,0.0,-0.8695652173913044,2.0,2.0,0.0,100,2,2,111,1,0.0,-2.0
0,0.8695652173913044,0.8695652173913044,0.0,2.0,1.0,1.0,0,1,2,111,0,1.0,0.0
0,0.8695652173913044,0.8695652173913044,0.0,2.0,2.0,2.0,0,2,2,111,1,2.0,0.0
1,0.8695652173913044,1.7391304347826089,0.8695652173913044,2.0,1.0,2.0,0,2,2,111,1,4.0,2.0
1,0.8695652173913044,0.8695652173913044,0.0,2.0,1.0,1.0,1,1,2,111,0,1.0,0.0
1,0.8695652173913044,0.8695652173913044,0.0,2.0,1.0,1.0,1,2,1,111,1,2.0,0.0
0,0.8695652173913044,0.4347826086956522,-0.4347826086956522,2.0,1.1111111111111112,0.5555555555555556,1,2,1,111,1,1.0,-1.0
1,0.8695652173913044,1.7391304347826089,0.8695652173913044,2.0,0.75,1.5,0,1,1,111,0,2.0,1.0
1,0.8695652173913044,0.8695652173913044,0.0,2.0,1.090909090909091,1.090909090909091,1,2,2,111,1,2.0,0.0
1,0.8695652173913044,2.608695652173913,1.7391304347826089,2.0,0.823529411764706,2.4705882352941178,1,2,1,111,1,6.0,4.0
0,0.8695652173913044,0.4347826086956522,-0.4347826086956522,2.0,0.8888888888888888,0.4444444444444444,1,2,2,111,1,1.0,-1.0
0,0.8695652173913044,0.0,-0.8695652173913044,2.0,1.0,0.0,0,2,1,111,1,0.0,-2.0
1,0.8695652173913044,0.8695652173913044,0.0,2.0,1.0,1.0,0,2,2,111,1,2.0,0.0
0,0.8695652173913044,0.0,-0.8695652173913044,2.0,1.0,0.0,1,1,1,111,0,0.0,-1.0
1,0.8695652173913044,1.7391304347826089,0.8695652173913044,2.0,0.9166666666666667,1.8333333333333335,0,2,1,111,1,4.0,2.0
1,0.8695652173913044,2.173913043478261,1.3043478260869565,2.0,0.8275862068965518,2.0689655172413794,1,2,1,111,1,5.0,3.0
1,0.8695652173913044,3.4782608695652177,2.608695652173913,2.0,0.625,2.5,1,1,2,111,0,4.0,3.0
0,0.8695652173913044,1.7391304347826089,0.8695652173913044,2.0,0.787878787878788,1.575757575757576,1,2,1,111,1,4.0,2.0
0,0.8695652173913044,0.4347826086956522,-0.4347826086956522,2.0,0.823529411764706,0.411764705882353,0,2,1,111,1,1.0,-1.0
0,0.8695652173913044,0.4347826086956522,-0.4347826086956522,2.0,0.8571428571428571,0.42857142857142855,0,2,2,111,1,1.0,-1.0
1,0.8695652173913044,0.0,-0.8695652173913044,2.0,0.75,0.0,0,1,2,111,0,0.0,-1.0
1,0.8695652173913044,0.8695652173913044,0.0,2.0,0.8648648648648649,0.8648648648648649,1,2,2,111,1,2.0,0.0
0,0.8695652173913044,0.4347826086956522,-0.4347826086956522,2.0,0.8947368421052632,0.4473684210526316,1,2,2,111,1,1.0,-1.0
1,0.8695652173913044,1.7391304347826089,0.8695652173913044,2.0,0.7,1.4,0,1,1,111,0,2.0,1.0
0,0.8695652173913044,0.8695652173913044,0.0,2.0,0.8999999999999999,0.8999999999999999,1,2,2,111,1,2.0,0.0
1,0.8695652173913044,0.8695652173913044,0.0,2.0,0.7272727272727273,0.7272727272727273,0,1,2,111,0,1.0,0.0
1,0.8695652173913044,2.608695652173913,1.7391304347826089,2.0,0.6428571428571428,1.9285714285714286,1,1,1,111,0,3.0,2.0
1,0.8695652173913044,0.4347826086956522,-0.4347826086956522,2.0,0.9268292682926829,0.46341463414634143,1,2,2,111,1,1.0,-1.0
0,0.8695652173913044,0.0,-0.8695652173913044,2.0,0.7142857142857143,0.0,1,1,1,111,0,0.0,-1.0
1,0.8695652173913044,1.3043478260869565,0.4347826086956522,2.0,0.9090909090909091,1.3636363636363635,0,2,1,111,1,3.0,1.0
0,0.8695652173913044,0.0,-0.8695652173913044,2.0,0.9545454545454545,0.0,1,2,2,111,1,0.0,-2.0
1,0.8695652173913044,1.3043478260869565,0.4347826086956522,2.0,0.9361702127659575,1.4042553191489362,0,2,2,111,1,3.0,1.0
0,0.8695652173913044,0.0,-0.8695652173913044,2.0,0.7857142857142857,0.0,1,1,2,111,0,0.0,-1.0
0,0.8695652173913044,0.0,-0.8695652173913044,2.0,0.8571428571428571,0.0,0,1,1,111,0,0.0,-1.0
1,0.8695652173913044,1.7391304347826089,0.8695652173913044,2.0,0.9019607843137255,1.803921568627451,0,2,2,111,1,4.0,2.0
1,0.8695652173913044,0.8695652173913044,0.0,2.0,0.8666666666666667,0.8666666666666667,1,1,1,111,0,1.0,0.0
0,0.8695652173913044,0.4347826086956522,-0.4347826086956522,2.0,0.9230769230769231,0.46153846153846156,1,2,1,111,1,1.0,-1.0
1,0.8695652173913044,0.8695652173913044,0.0,2.0,0.9259259259259258,0.9259259259259258,0,2,1,111,1,2.0,0.0
1,0.8695652173913044,3.4782608695652177,2.608695652173913,2.0,0.7368421052631579,2.9473684210526314,1,1,1,111,0,4.0,3.0
0,0.8695652173913044,0.4347826086956522,-0.4347826086956522,2.0,0.9454545454545454,0.4727272727272727,1,2,2,111,1,1.0,-1.0
1,0.8695652173913044,1.7391304347826089,0.8695652173913044,2.0,0.9152542372881356,1.8305084745762712,0,2,1,111,1,4.0,2.0
1,0.8695652173913044,2.173913043478261,1.3043478260869565,2.0,0.875,2.1875,1,2,2,111,1,5.0,3.0
0,0.8695652173913044,0.4347826086956522,-0.4347826086956522,2.0,0.8923076923076924,0.4461538461538462,1,2,1,111,1,1.0,-1.0
0,0.8695652173913044,0.0,-0.8695652173913044,2.0,0.7894736842105263,0.0,0,1,2,111,0,0.0,-1.0
1,0.8695652173913044,1.3043478260869565,0.4347826086956522,2.0,0.8823529411764706,1.3235294117647058,0,2,1,111,1,3.0,1.0
0,0.8695652173913044,0.0,-0.8695652173913044,2.0,0.911764705882353,0.0,1,2,2,111,1,0.0,-2.0
0,0.8695652173913044,0.8695652173913044,0.0,2.0,0.9142857142857143,0.9142857142857143,0,2,2,111,1,2.0,0.0
1,0.8695652173913044,1.7391304347826089,0.8695652173913044,2.0,0.7619047619047619,1.5238095238095237,0,1,2,111,0,2.0,1.0
0,0.8695652173913044,0.4347826086956522,-0.4347826086956522,2.0,0.9295774647887325,0.46478873239436624,1,2,1,111,1,1.0,-1.0
0,0.8695652173913044,0.0,-0.8695652173913044,2.0,0.8095238095238095,0.0,0,1,1,111,0,0.0,-1.0
0,0.8695652173913044,0.4347826086956522,-0.4347826086956522,2.0,0.9444444444444444,0.4722222222222222,0,2,1,111,1,1.0,-1.0
0,0.8695652173913044,0.0,-0.8695652173913044,2.0,0.8571428571428571,0.0,0,1,2,111,0,0.0,-1.0
1,0.8695652173913044,0.8695652173913044,0.0,2.0,0.8636363636363636,0.8636363636363636,0,1,1,111,0,1.0,0.0
1,0.8695652173913044,2.173913043478261,1.3043478260869565,2.0,0.9090909090909091,2.2727272727272725,1,2,2,111,1,5.0,3.0
0,0.8695652173913044,0.0,-0.8695652173913044,2.0,0.935064935064935,0.0,1,2,2,111,1,0.0,-2.0
1,0.8695652173913044,0.8695652173913044,0.0,2.0,0.9367088607594937,0.9367088607594937,0,2,2,111,1,2.0,0.0
0,0.8695652173913044,0.8695652173913044,0.0,2.0,0.9382716049382716,0.9382716049382716,1,2,1,111,1,2.0,0.0
1,0.8695652173913044,2.608695652173913,1.7391304347826089,2.0,0.896551724137931,2.689655172413793,0,2,1,111,1,6.0,4.0
0,0.8695652173913044,0.0,-0.8695652173913044,2.0,0.9195402298850576,0.0,1,2,1,111,1,0.0,-2.0
0,0.8695652173913044,0.0,-0.8695652173913044,2.0,0.9425287356321839,0.0,0,2,2,111,1,0.0,-2.0
1,0.8695652173913044,0.8695652173913044,0.0,2.0,0.8695652173913044,0.8695652173913044,0,1,1,111,0,1.0,0.0
0,0.8695652173913044,1.3043478260869565,0.4347826086956522,2.0,0.9333333333333333,1.4000000000000001,1,2,2,111,1,3.0,1.0
0,0.8695652173913044,0.0,-0.8695652173913044,2.0,0.9130434782608695,0.0,100,1,1,111,0,0.0,-1.0
1,0.8695652173913044,2.173913043478261,1.3043478260869565,2.0,0.9052631578947369,2.263157894736842,0,2,2,111,1,5.0,3.0
1,0.8695652173913044,1.3043478260869565,0.4347826086956522,2.0,0.8979591836734695,1.3469387755102042,1,2,2,111,1,3.0,1.0
1,0.8695652173913044,3.4782608695652177,2.608695652173913,2.0,0.8148148148148148,3.259259259259259,1,1,1,111,0,4.0,3.0
1,0.8695652173913044,3.4782608695652177,2.608695652173913,2.0,0.7419354838709677,2.967741935483871,1,1,2,111,0,4.0,3.0
1,0.8695652173913044,1.7391304347826089,0.8695652173913044,2.0,0.8823529411764706,1.7647058823529411,1,2,2,111,1,4.0,2.0
1,0.8695652173913044,0.4347826086956522,-0.4347826086956522,2.0,0.8932038834951456,0.4466019417475728,1,2,1,111,1,1.0,-1.0
0,0.8695652173913044,0.0,-0.8695652173913044,2.0,0.912621359223301,0.0,1,2,1,111,1,0.0,-2.0
1,0.8695652173913044,2.608695652173913,1.7391304347826089,2.0,0.8807339449541284,2.642201834862385,0,2,1,111,1,6.0,4.0
1,0.8695652173913044,1.7391304347826089,0.8695652173913044,2.0,0.8672566371681415,1.734513274336283,1,2,1,111,1,4.0,2.0
1,0.8695652173913044,0.4347826086956522,-0.4347826086956522,2.0,0.8771929824561404,0.4385964912280702,1,2,2,111,1,1.0,-1.0
0,0.8695652173913044,0.0,-0.8695652173913044,2.0,0.8947368421052632,0.0,1,2,2,111,1,0.0,-2.0
1,0.8695652173913044,0.4347826086956522,-0.4347826086956522,2.0,0.9043478260869565,0.45217391304347826,0,2,2,111,1,1.0,-1.0
1,0.8695652173913044,5.217391304347826,4.347826086956522,2.0,0.8346456692913385,5.0078740157480315,1,2,2,111,1,12.0,10.0
0,0.8695652173913044,0.0,-0.8695652173913044,2.0,0.8503937007874016,0.0,1,2,2,111,1,0.0,-2.0
0,0.8695652173913044,0.4347826086956522,-0.4347826086956522,2.0,0.859375,0.4296875,0,2,1,111,1,1.0,-1.0
1,0.8695652173913044,0.8695652173913044,0.0,2.0,0.8615384615384615,0.8615384615384615,0,2,2,111,1,2.0,0.0
0,0.8695652173913044,0.0,-0.8695652173913044,2.0,0.8769230769230769,0.0,1,2,2,111,1,0.0,-2.0
1,0.8695652173913044,0.8695652173913044,0.0,2.0,0.75,0.75,0,1,1,111,0,1.0,0.0
0,0.8695652173913044,0.8695652173913044,0.0,2.0,0.7575757575757576,0.7575757575757576,1,1,2,111,0,1.0,0.0
1,0.8695652173913044,1.7391304347826089,0.8695652173913044,2.0,0.7428571428571428,1.4857142857142855,0,1,2,111,0,2.0,1.0
0,0.8695652173913044,0.0,-0.8695652173913044,2.0,0.7714285714285715,0.0,1,1,2,111,0,0.0,-1.0
0,0.8695652173913044,0.8695652173913044,0.0,2.0,0.8787878787878788,0.8787878787878788,0,2,2,111,1,2.0,0.0
0,0.8695652173913044,0.0,-0.8695652173913044,2.0,0.893939393939394,0.0,0,2,2,111,1,0.0,-2.0
1,0.8695652173913044,3.0434782608695654,2.173913043478261,2.0,0.8633093525179856,3.0215827338129495,0,2,1,111,1,7.0,5.0
1,0.8695652173913044,2.173913043478261,1.3043478260869565,2.0,0.8472222222222222,2.118055555555556,1,2,1,111,1,5.0,3.0
0,0.8695652173913044,0.4347826086956522,-0.4347826086956522,2.0,0.8551724137931034,0.4275862068965517,1,2,1,111,1,1.0,-1.0
1,0.8695652173913044,0.8695652173913044,0.0,2.0,0.7777777777777777,0.7777777777777777,0,1,1,111,0,1.0,0.0
1,0.8695652173913044,2.173913043478261,1.3043478260869565,2.0,0.84,2.1,1,2,2,111,1,5.0,3.0
1,0.8695652173913044,1.7391304347826089,0.8695652173913044,2.0,0.8311688311688312,1.6623376623376624,1,2,1,111,1,4.0,2.0
1,0.8695652173913044,0.0,-0.8695652173913044,2.0,0.8055555555555556,0.0,1,1,1,111,0,0.0,-1.0
1,0.8695652173913044,0.0,-0.8695652173913044,2.0,0.8333333333333334,0.0,1,1,1,111,0,0.0,-1.0
1,0.8695652173913044,1.3043478260869565,0.4347826086956522,2.0,0.8280254777070064,1.2420382165605097,1,2,1,111,1,3.0,1.0
1,0.8695652173913044,2.608695652173913,1.7391304347826089,2.0,0.8098159509202454,2.4294478527607364,1,2,1,111,1,6.0,4.0
0,0.8695652173913044,0.0,-0.8695652173913044,2.0,0.861111111111111,0.0,1,1,1,111,0,0.0,-1.0
1,0.8695652173913044,0.8695652173913044,0.0,2.0,0.8121212121212122,0.8121212121212122,0,2,2,111,1,2.0,0.0
0,0.8695652173913044,2.608695652173913,1.7391304347826089,2.0,0.8205128205128205,2.4615384615384617,1,1,1,111,0,3.0,2.0
1,0.8695652173913044,0.8695652173913044,0.0,2.0,0.825,0.825,0,1,1,111,0,1.0,0.0
0,0.8695652173913044,0.0,-0.8695652173913044,2.0,0.85,0.0,1,1,2,111,0,0.0,-1.0
1,0.8695652173913044,1.7391304347826089,0.8695652173913044,2.0,0.8333333333333334,1.6666666666666667,0,1,2,111,0,2.0,1.0
1,0.8695652173913044,6.521739130434783,5.6521739130434785,2.0,0.7555555555555555,5.666666666666667,1,2,1,111,1,15.0,13.0
1,0.8695652173913044,0.8695652173913044,0.0,2.0,0.8372093023255814,0.8372093023255814,1,1,1,111,0,1.0,0.0
1,0.8695652173913044,0.8695652173913044,0.0,2.0,0.7582417582417582,0.7582417582417582,1,2,1,111,1,2.0,0.0
0,0.8695652173913044,0.0,-0.8695652173913044,2.0,0.8604651162790699,0.0,1,1,1,111,0,0.0,-1.0
1,0.8695652173913044,2.608695652173913,1.7391304347826089,2.0,0.7446808510638299,2.2340425531914896,0,2,2,111,1,6.0,4.0
0,0.8695652173913044,0.4347826086956522,-0.4347826086956522,2.0,0.7513227513227513,0.37566137566137564,1,2,1,111,1,1.0,-1.0
1,0.8695652173913044,1.7391304347826089,0.8695652173913044,2.0,0.7461139896373058,1.4922279792746116,0,2,2,111,1,4.0,2.0
1,0.8695652173913044,0.8695652173913044,0.0,2.0,0.7487179487179487,0.7487179487179487,1,2,2,111,1,2.0,0.0
1,0.8695652173913044,0.8695652173913044,0.0,2.0,0.7512690355329948,0.7512690355329948,1,2,1,111,1,2.0,0.0
0,0.8695652173913044,0.0,-0.8695652173913044,2.0,0.8837209302325582,0.0,1,1,1,111,0,0.0,-1.0
1,0.8695652173913044,1.7391304347826089,0.8695652173913044,2.0,0.7462686567164178,1.4925373134328357,0,2,1,111,1,4.0,2.0
0,0.8695652173913044,0.8695652173913044,0.0,2.0,0.7487684729064039,0.7487684729064039,1,2,1,111,1,2.0,0.0
0,0.8695652173913044,1.3043478260869565,0.4347826086956522,2.0,0.7475728155339807,1.121359223300971,0,2,1,111,1,3.0,1.0
0,0.8695652173913044,0.4347826086956522,-0.4347826086956522,2.0,0.7536231884057971,0.37681159420289856,0,2,2,111,1,1.0,-1.0
0,0.8695652173913044,0.4347826086956522,-0.4347826086956522,2.0,0.7596153846153847,0.37980769230769235,0,2,1,111,1,1.0,-1.0
0,0.8695652173913044,0.8695652173913044,0.0,2.0,0.7619047619047619,0.7619047619047619,0,2,1,111,1,2.0,0.0
1,0.8695652173913044,1.7391304347826089,0.8695652173913044,2.0,0.8666666666666667,1.7333333333333334,0,1,2,111,0,2.0,1.0
1,0.8695652173913044,0.8695652173913044,0.0,2.0,0.7641509433962264,0.7641509433962264,1,2,1,111,1,2.0,0.0
0,0.8695652173913044,0.0,-0.8695652173913044,2.0,0.7735849056603773,0.0,1,2,2,111,1,0.0,-2.0
1,0.8695652173913044,0.8695652173913044,0.0,2.0,0.8695652173913044,0.8695652173913044,0,1,2,111,0,1.0,0.0
0,0.8695652173913044,0.4347826086956522,-0.4347826086956522,2.0,0.7793427230046949,0.38967136150234744,1,2,1,111,1,1.0,-1.0
1,0.8695652173913044,1.7391304347826089,0.8695652173913044,2.0,0.7741935483870968,1.5483870967741935,0,2,2,111,1,4.0,2.0
1,0.8695652173913044,0.8695652173913044,0.0,2.0,0.776255707762557,0.776255707762557,100,2,2,111,1,2.0,0.0
1,0.8695652173913044,0.8695652173913044,0.0,2.0,0.8723404255319149,0.8723404255319149,1,1,2,111,0,1.0,0.0
0,0.8695652173913044,0.4347826086956522,-0.4347826086956522,2.0,0.7818181818181817,0.3909090909090909,1,2,2,111,1,1.0,-1.0
1,0.8695652173913044,0.8695652173913044,0.0,2.0,0.875,0.875,0,1,2,111,0,1.0,0.0
1,0.8695652173913044,1.7391304347826089,0.8695652173913044,2.0,0.7767857142857143,1.5535714285714286,1,2,2,111,1,4.0,2.0
0,0.8695652173913044,3.4782608695652177,2.608695652173913,2.0,0.826923076923077,3.307692307692308,1,1,1,111,0,4.0,3.0
0,0.8695652173913044,0.0,-0.8695652173913044,2.0,0.8461538461538461,0.0,0,1,1,111,0,0.0,-1.0
1,0.8695652173913044,0.8695652173913044,0.0,2.0,0.7787610619469026,0.7787610619469026,0,2,2,111,1,2.0,0.0
1,0.8695652173913044,0.8695652173913044,0.0,2.0,0.7807017543859649,0.7807017543859649,1,2,1,111,1,2.0,0.0
0,0.8695652173913044,0.0,-0.8695652173913044,2.0,0.7894736842105263,0.0,1,2,1,111,1,0.0,-2.0
1,0.8695652173913044,1.3043478260869565,0.4347826086956522,2.0,0.787878787878788,1.1818181818181819,0,2,1,111,1,3.0,1.0
0,0.8695652173913044,0.0,-0.8695652173913044,2.0,0.7965367965367965,0.0,1,2,1,111,1,0.0,-2.0
0,0.8695652173913044,0.0,-0.8695652173913044,2.0,0.8051948051948052,0.0,0,2,2,111,1,0.0,-2.0
1,0.8695652173913044,0.8695652173913044,0.0,2.0,0.8490566037735848,0.8490566037735848,0,1,2,111,0,1.0,0.0
1,0.8695652173913044,2.173913043478261,1.3043478260869565,2.0,0.7966101694915255,1.9915254237288136,1,2,1,111,1,5.0,3.0
0,0.8695652173913044,0.0,-0.8695652173913044,2.0,0.8679245283018868,0.0,1,1,1,111,0,0.0,-1.0
1,0.8695652173913044,0.0,-0.8695652173913044,2.0,0.8867924528301887,0.0,0,1,2,111,0,0.0,-1.0
1,0.8695652173913044,1.7391304347826089,0.8695652173913044,2.0,0.8727272727272728,1.7454545454545456,1,1,1,111,0,2.0,1.0
1,0.8695652173913044,1.3043478260869565,0.4347826086956522,2.0,0.794979079497908,1.192468619246862,1,2,2,111,1,3.0,1.0
0,0.8695652173913044,0.0,-0.8695652173913044,2.0,0.803347280334728,0.0,1,2,2,111,1,0.0,-2.0
0,0.8695652173913044,0.0,-0.8695652173913044,2.0,0.8117154811715481,0.0,0,2,1,111,1,0.0,-2.0
0,0.8695652173913044,0.0,-0.8695652173913044,2.0,0.8200836820083681,0.0,0,2,1,111,1,0.0,-2.0
0,0.8695652173913044,1.7391304347826089,0.8695652173913044,2.0,0.8596491228070176,1.719298245614035,0,1,1,111,0,2.0,1.0
0,0.8695652173913044,2.608695652173913,1.7391304347826089,2.0,0.8333333333333334,2.5,0,1,2,111,0,3.0,2.0
1,0.8695652173913044,0.4347826086956522,-0.4347826086956522,2.0,0.825,0.4125,0,2,1,111,1,1.0,-1.0
0,0.8695652173913044,0.0,-0.8695652173913044,2.0,0.8333333333333334,0.0,1,2,1,111,1,0.0,-2.0
0,0.8695652173913044,0.0,-0.8695652173913044,2.0,0.8416666666666667,0.0,0,2,1,111,1,0.0,-2.0
0,0.8695652173913044,0.4347826086956522,-0.4347826086956522,2.0,0.8464730290456431,0.42323651452282157,0,2,1,111,1,1.0,-1.0
0,0.8695652173913044,0.0,-0.8695652173913044,2.0,0.85,0.0,0,1,1,111,0,0.0,-1.0
0,0.8695652173913044,0.8695652173913044,0.0,2.0,0.8477366255144033,0.8477366255144033,0,2,1,111,1,2.0,0.0
1,0.8695652173913044,1.7391304347826089,0.8695652173913044,2.0,0.8421052631578947,1.6842105263157894,0,2,2,111,1,4.0,2.0
1,0.8695652173913044,0.8695652173913044,0.0,2.0,0.8524590163934426,0.8524590163934426,1,1,2,111,0,1.0,0.0
0,0.8695652173913044,0.8695652173913044,0.0,2.0,0.8433734939759037,0.8433734939759037,1,2,1,111,1,2.0,0.0
0,0.8695652173913044,0.0,-0.8695652173913044,2.0,0.8514056224899599,0.0,0,2,2,111,1,0.0,-2.0
1,0.8695652173913044,0.8695652173913044,0.0,2.0,0.8548387096774194,0.8548387096774194,0,1,1,111,0,1.0,0.0
0,0.8695652173913044,0.0,-0.8695652173913044,2.0,0.8709677419354839,0.0,1,1,1,111,0,0.0,-1.0
1,0.8695652173913044,0.4347826086956522,-0.4347826086956522,2.0,0.856,0.428,0,2,2,111,1,1.0,-1.0
0,0.8695652173913044,0.0,-0.8695652173913044,2.0,0.8870967741935485,0.0,1,1,2,111,0,0.0,-1.0
0,0.8695652173913044,0.0,-0.8695652173913044,2.0,0.864,0.0,0,2,1,111,1,0.0,-2.0
0,0.8695652173913044,0.0,-0.8695652173913044,2.0,0.872,0.0,0,2,2,111,1,0.0,-2.0
0,0.8695652173913044,0.4347826086956522,-0.4347826086956522,2.0,0.8764940239043825,0.43824701195219123,0,2,1,111,1,1.0,-1.0
1,0.8695652173913044,0.8695652173913044,0.0,2.0,0.8888888888888888,0.8888888888888888,0,1,2,111,0,1.0,0.0
1,0.8695652173913044,3.4782608695652177,2.608695652173913,2.0,0.8507462686567163,3.4029850746268653,1,1,2,111,0,4.0,3.0
0,0.8695652173913044,0.0,-0.8695652173913044,2.0,0.8844621513944223,0.0,1,2,2,111,1,0.0,-2.0
0,0.8695652173913044,0.0,-0.8695652173913044,2.0,0.8656716417910448,0.0,0,1,2,111,0,0.0,-1.0
0,0.8695652173913044,0.0,-0.8695652173913044,2.0,0.8924302788844622,0.0,0,2,2,111,1,0.0,-2.0
0,0.8695652173913044,0.0,-0.8695652173913044,2.0,0.8805970149253731,0.0,0,1,1,111,0,0.0,-1.0
0,0.8695652173913044,0.8695652173913044,0.0,2.0,0.8932806324110671,0.8932806324110671,0,2,1,111,1,2.0,0.0
0,0.8695652173913044,0.4347826086956522,-0.4347826086956522,2.0,0.8976377952755906,0.4488188976377953,0,2,2,111,1,1.0,-1.0
0,0.8695652173913044,0.8695652173913044,0.0,2.0,0.8984375,0.8984375,0,2,1,111,1,2.0,0.0
1,0.8695652173913044,1.7391304347826089,0.8695652173913044,2.0,0.8695652173913044,1.7391304347826089,0,1,1,111,0,2.0,1.0
1,0.8695652173913044,1.7391304347826089,0.8695652173913044,2.0,0.8923076923076924,1.7846153846153847,1,2,2,111,1,4.0,2.0
0,0.8695652173913044,0.0,-0.8695652173913044,2.0,0.8999999999999999,0.0,1,2,2,111,1,0.0,-2.0
0,0.8695652173913044,0.8695652173913044,0.0,2.0,0.900763358778626,0.900763358778626,0,2,2,111,1,2.0,0.0
1,0.8695652173913044,2.173913043478261,1.3043478260869565,2.0,0.8913857677902621,2.2284644194756553,0,2,1,111,1,5.0,3.0
1,0.8695652173913044,1.7391304347826089,0.8695652173913044,2.0,0.8856088560885609,1.7712177121771218,1,2,1,111,1,4.0,2.0
1,0.8695652173913044,2.173913043478261,1.3043478260869565,2.0,0.8768115942028986,2.1920289855072466,1,2,1,111,1,5.0,3.0
0,0.8695652173913044,0.0,-0.8695652173913044,2.0,0.8840579710144928,0.0,1,2,2,111,1,0.0,-2.0
0,0.8695652173913044,0.4347826086956522,-0.4347826086956522,2.0,0.888086642599278,0.444043321299639,0,2,1,111,1,1.0,-1.0
0,0.8695652173913044,1.3043478260869565,0.4347826086956522,2.0,0.8857142857142857,1.3285714285714285,0,2,2,111,1,3.0,1.0
1,0.8695652173913044,0.8695652173913044,0.0,2.0,0.8865248226950355,0.8865248226950355,0,2,2,111,1,2.0,0.0
1,0.8695652173913044,0.4347826086956522,-0.4347826086956522,2.0,0.8904593639575972,0.4452296819787986,1,2,1,111,1,1.0,-1.0
0,0.8695652173913044,0.0,-0.8695652173913044,2.0,0.8840579710144928,0.0,100,1,1,111,0,0.0,-1.0
1,0.8695652173913044,0.4347826086956522,-0.4347826086956522,2.0,0.8943661971830986,0.4471830985915493,0,2,2,111,1,1.0,-1.0
0,0.8695652173913044,1.3043478260869565,0.4347826086956522,2.0,0.89198606271777,1.3379790940766552,1,2,1,111,1,3.0,1.0
1,0.8695652173913044,0.4347826086956522,-0.4347826086956522,2.0,0.8958333333333334,0.4479166666666667,0,2,2,111,1,1.0,-1.0
1,0.8695652173913044,0.4347826086956522,-0.4347826086956522,2.0,0.8996539792387542,0.4498269896193771,1,2,2,111,1,1.0,-1.0
1,0.8695652173913044,0.8695652173913044,0.0,2.0,0.8857142857142857,0.8857142857142857,1,1,1,111,0,1.0,0.0
1,0.8695652173913044,3.4782608695652177,2.608695652173913,2.0,0.8513513513513513,3.4054054054054053,1,1,1,111,0,4.0,3.0
1,0.8695652173913044,0.8695652173913044,0.0,2.0,0.8533333333333334,0.8533333333333334,1,1,1,111,0,1.0,0.0
0,0.8695652173913044,0.4347826086956522,-0.4347826086956522,2.0,0.903448275862069,0.4517241379310345,1,2,2,111,1,1.0,-1.0
0,0.8695652173913044,0.4347826086956522,-0.4347826086956522,2.0,0.9072164948453608,0.4536082474226804,0,2,2,111,1,1.0,-1.0
1,0.8695652173913044,1.7391304347826089,0.8695652173913044,2.0,0.9016949152542373,1.8033898305084746,0,2,1,111,1,4.0,2.0
1,0.8695652173913044,0.8695652173913044,0.0,2.0,0.9023569023569025,0.9023569023569025,1,2,2,111,1,2.0,0.0
0,0.8695652173913044,0.8695652173913044,0.0,2.0,0.9030100334448161,0.9030100334448161,1,2,2,111,1,2.0,0.0
0,0.8695652173913044,0.4347826086956522,-0.4347826086956522,2.0,0.9066666666666666,0.4533333333333333,0,2,1,111,1,1.0,-1.0
0,0.8695652173913044,0.0,-0.8695652173913044,2.0,0.8666666666666667,0.0,0,1,2,111,0,0.0,-1.0
1,0.8695652173913044,3.4782608695652177,2.608695652173913,2.0,0.8354430379746836,3.3417721518987342,0,1,1,111,0,4.0,3.0
1,0.8695652173913044,0.8695652173913044,0.0,2.0,0.9072847682119205,0.9072847682119205,1,2,2,111,1,2.0,0.0
0,0.8695652173913044,0.0,-0.8695652173913044,2.0,0.9139072847682119,0.0,1,2,1,111,1,0.0,-2.0
0,0.8695652173913044,0.4347826086956522,-0.4347826086956522,2.0,0.9174917491749174,0.4587458745874587,0,2,1,111,1,1.0,-1.0
1,0.8695652173913044,1.7391304347826089,0.8695652173913044,2.0,0.9120521172638436,1.8241042345276872,0,2,1,111,1,4.0,2.0
1,0.8695652173913044,1.3043478260869565,0.4347826086956522,2.0,0.9096774193548388,1.364516129032258,1,2,1,111,1,3.0,1.0
0,0.8695652173913044,0.0,-0.8695652173913044,2.0,0.9161290322580644,0.0,1,2,2,111,1,0.0,-2.0
1,0.8695652173913044,1.7391304347826089,0.8695652173913044,2.0,0.910828025477707,1.821656050955414,0,2,1,111,1,4.0,2.0
1,0.8695652173913044,2.608695652173913,1.7391304347826089,2.0,0.8999999999999999,2.6999999999999997,1,2,2,111,1,6.0,4.0
0,0.8695652173913044,0.4347826086956522,-0.4347826086956522,2.0,0.9034267912772584,0.4517133956386292,1,2,1,111,1,1.0,-1.0
0,0.8695652173913044,0.4347826086956522,-0.4347826086956522,2.0,0.906832298136646,0.453416149068323,0,2,1,111,1,1.0,-1.0
0,0.8695652173913044,0.8695652173913044,0.0,2.0,0.8375,0.8375,0,1,1,111,0,1.0,0.0
1,0.8695652173913044,3.4782608695652177,2.608695652173913,2.0,0.890909090909091,3.563636363636364,0,2,2,111,1,8.0,6.0
0,0.8695652173913044,1.3043478260869565,0.4347826086956522,2.0,0.8888888888888888,1.3333333333333333,1,2,1,111,1,3.0,1.0
0,0.8695652173913044,0.4347826086956522,-0.4347826086956522,2.0,0.8922155688622754,0.4461077844311377,0,2,1,111,1,1.0,-1.0
0,0.8695652173913044,0.0,-0.8695652173913044,2.0,0.8982035928143713,0.0,0,2,1,111,1,0.0,-2.0
1,0.8695652173913044,1.7391304347826089,0.8695652173913044,2.0,0.893491124260355,1.78698224852071,0,2,2,111,1,4.0,2.0
0,0.8695652173913044,0.0,-0.8695652173913044,2.0,0.8994082840236686,0.0,1,2,1,111,1,0.0,-2.0
1,0.8695652173913044,0.8695652173913044,0.0,2.0,0.8395061728395062,0.8395061728395062,0,1,2,111,0,1.0,0.0
0,0.8695652173913044,0.4347826086956522,-0.4347826086956522,2.0,0.9026548672566371,0.45132743362831856,1,2,1,111,1,1.0,-1.0
0,0.8695652173913044,0.0,-0.8695652173913044,2.0,0.9085545722713865,0.0,0,2,2,111,1,0.0,-2.0
1,0.8695652173913044,0.8695652173913044,0.0,2.0,0.9090909090909091,0.9090909090909091,0,2,1,111,1,2.0,0.0
0,0.8695652173913044,0.8695652173913044,0.0,2.0,0.8414634146341464,0.8414634146341464,1,1,2,111,0,1.0,0.0
1,0.8695652173913044,2.173913043478261,1.3043478260869565,2.0,0.9017341040462428,2.254335260115607,0,2,1,111,1,5.0,3.0
1,0.8695652173913044,0.4347826086956522,-0.4347826086956522,2.0,0.9048991354466858,0.4524495677233429,1,2,1,111,1,1.0,-1.0
1,0.8695652173913044,0.4347826086956522,-0.4347826086956522,2.0,0.9080459770114941,0.45402298850574707,1,2,1,111,1,1.0,-1.0
1,0.8695652173913044,0.8695652173913044,0.0,2.0,0.9085714285714286,0.9085714285714286,1,2,2,111,1,2.0,0.0
0,0.8695652173913044,1.3043478260869565,0.4347826086956522,2.0,0.906515580736544,1.3597733711048159,1,2,2,111,1,3.0,1.0
1,0.8695652173913044,1.7391304347826089,0.8695652173913044,2.0,0.8333333333333334,1.6666666666666667,0,1,2,111,0,2.0,1.0
0,0.8695652173913044,0.0,-0.8695652173913044,2.0,0.8452380952380952,0.0,1,1,1,111,0,0.0,-1.0
1,0.8695652173913044,2.173913043478261,1.3043478260869565,2.0,0.8994413407821229,2.2486033519553073,0,2,2,111,1,5.0,3.0
0,0.8695652173913044,0.0,-0.8695652173913044,2.0,0.8571428571428571,0.0,1,1,2,111,0,0.0,-1.0
1,0.8695652173913044,0.8695652173913044,0.0,2.0,0.8588235294117648,0.8588235294117648,0,1,2,111,0,1.0,0.0
1,0.8695652173913044,0.8695652173913044,0.0,2.0,0.8999999999999999,0.8999999999999999,1,2,2,111,1,2.0,0.0
0,0.8695652173913044,0.4347826086956522,-0.4347826086956522,2.0,0.9030470914127423,0.45152354570637115,1,2,2,111,1,1.0,-1.0
0,0.8695652173913044,0.0,-0.8695652173913044,2.0,0.8705882352941177,0.0,0,1,1,111,0,0.0,-1.0
0,0.8695652173913044,0.0,-0.8695652173913044,2.0,0.9085872576177285,0.0,0,2,2,111,1,0.0,-2.0
0,0.8695652173913044,0.0,-0.8695652173913044,2.0,0.8823529411764706,0.0,0,1,1,111,0,0.0,-1.0
0,0.8695652173913044,1.7391304347826089,0.8695652173913044,2.0,0.8735632183908046,1.7471264367816093,0,1,1,111,0,2.0,1.0
1,0.8695652173913044,0.8695652173913044,0.0,2.0,0.9090909090909091,0.9090909090909091,0,2,2,111,1,2.0,0.0
1,0.8695652173913044,2.173913043478261,1.3043478260869565,2.0,0.9021739130434783,2.255434782608696,1,2,1,111,1,5.0,3.0
0,0.8695652173913044,0.0,-0.8695652173913044,2.0,0.8850574712643677,0.0,1,1,1,111,0,0.0,-1.0
1,0.8695652173913044,0.4347826086956522,-0.4347826086956522,2.0,0.9051490514905149,0.45257452574525747,0,2,2,111,1,1.0,-1.0
0,0.8695652173913044,0.0,-0.8695652173913044,2.0,0.896551724137931,0.0,1,1,2,111,0,0.0,-1.0
0,0.8695652173913044,0.4347826086956522,-0.4347826086956522,2.0,0.908108108108108,0.454054054054054,0,2,1,111,1,1.0,-1.0
0,0.8695652173913044,2.608695652173913,1.7391304347826089,2.0,0.8777777777777778,2.6333333333333333,0,1,2,111,0,3.0,2.0
1,0.8695652173913044,1.7391304347826089,0.8695652173913044,2.0,0.8695652173913044,1.7391304347826089,0,1,1,111,0,2.0,1.0
1,0.8695652173913044,1.7391304347826089,0.8695652173913044,2.0,0.9037433155080213,1.8074866310160427,100,2,1,111,1,4.0,2.0
0,0.8695652173913044,1.3043478260869565,0.4347826086956522,2.0,0.9018567639257294,1.352785145888594,1,2,1,111,1,3.0,1.0
1,0.8695652173913044,3.4782608695652177,2.608695652173913,2.0,0.84375,3.375,0,1,2,111,0,4.0,3.0
1,0.8695652173913044,2.608695652173913,1.7391304347826089,2.0,0.8929503916449085,2.6788511749347257,1,2,1,111,1,6.0,4.0
0,0.8695652173913044,0.0,-0.8695652173913044,2.0,0.8541666666666667,0.0,1,1,2,111,0,0.0,-1.0
0,0.8695652173913044,0.0,-0.8695652173913044,2.0,0.8981723237597912,0.0,0,2,1,111,1,0.0,-2.0
1,0.8695652173913044,0.8695652173913044,0.0,2.0,0.8987012987012987,0.8987012987012987,0,2,2,111,1,2.0,0.0
0,0.8695652173913044,0.0,-0.8695652173913044,2.0,0.8645833333333334,0.0,1,1,1,111,0,0.0,-1.0
0,0.8695652173913044,0.8695652173913044,0.0,2.0,0.865979381443299,0.865979381443299,0,1,2,111,0,1.0,0.0
1,0.8695652173913044,4.347826086956522,3.4782608695652177,2.0,0.8810126582278481,4.405063291139241,0,2,2,111,1,10.0,8.0
1,0.8695652173913044,1.7391304347826089,0.8695652173913044,2.0,0.8585858585858586,1.7171717171717171,1,1,1,111,0,2.0,1.0
0,0.8695652173913044,0.4347826086956522,-0.4347826086956522,2.0,0.8838383838383839,0.44191919191919193,1,2,1,111,1,1.0,-1.0
0,0.8695652173913044,0.4347826086956522,-0.4347826086956522,2.0,0.8866498740554155,0.44332493702770776,0,2,2,111,1,1.0,-1.0
1,0.8695652173913044,1.7391304347826089,0.8695652173913044,2.0,0.8514851485148515,1.702970297029703,0,1,2,111,0,2.0,1.0
1,0.8695652173913044,1.3043478260869565,0.4347826086956522,2.0,0.885,1.3275,1,2,1,111,1,3.0,1.0
0,0.8695652173913044,0.8695652173913044,0.0,2.0,0.8529411764705883,0.8529411764705883,1,1,2,111,0,1.0,0.0
1,0.8695652173913044,1.7391304347826089,0.8695652173913044,2.0,0.8811881188118811,1.7623762376237622,0,2,1,111,1,4.0,2.0
0,0.8695652173913044,0.4347826086956522,-0.4347826086956522,2.0,0.8839506172839505,0.44197530864197526,1,2,2,111,1,1.0,-1.0
0,0.8695652173913044,0.0,-0.8695652173913044,2.0,0.8888888888888888,0.0,0,2,2,111,1,0.0,-2.0
0,0.8695652173913044,0.8695652173913044,0.0,2.0,0.8894348894348894,0.8894348894348894,0,2,1,111,1,2.0,0.0
0,0.8695652173913044,0.4347826086956522,-0.4347826086956522,2.0,0.892156862745098,0.446078431372549,0,2,2,111,1,1.0,-1.0
1,0.8695652173913044,4.347826086956522,3.4782608695652177,2.0,0.8755980861244019,4.37799043062201,0,2,2,111,1,10.0,8.0
0,0.8695652173913044,0.4347826086956522,-0.4347826086956522,2.0,0.8782816229116945,0.43914081145584727,1,2,2,111,1,1.0,-1.0
0,0.8695652173913044,2.173913043478261,1.3043478260869565,2.0,0.8726415094339622,2.1816037735849054,0,2,2,111,1,5.0,3.0
0,0.8695652173913044,0.4347826086956522,-0.4347826086956522,2.0,0.8752941176470588,0.4376470588235294,0,2,2,111,1,1.0,-1.0
1,0.8695652173913044,1.7391304347826089,0.8695652173913044,2.0,0.8461538461538461,1.6923076923076923,0,1,1,111,0,2.0,1.0
0,0.8695652173913044,0.8695652173913044,0.0,2.0,0.8758782201405153,0.8758782201405153,1,2,1,111,1,2.0,0.0
0,0.8695652173913044,0.8695652173913044,0.0,2.0,0.8764568764568764,0.8764568764568764,0,2,1,111,1,2.0,0.0
1,0.8695652173913044,1.7391304347826089,0.8695652173913044,2.0,0.8729792147806004,1.7459584295612007,0,2,2,111,1,4.0,2.0
1,0.8695652173913044,0.8695652173913044,0.0,2.0,0.8735632183908046,0.8735632183908046,1,2,2,111,1,2.0,0.0
1,0.8695652173913044,0.8695652173913044,0.0,2.0,0.8476190476190476,0.8476190476190476,1,1,2,111,0,1.0,0.0
0,0.8695652173913044,0.0,-0.8695652173913044,2.0,0.8571428571428571,0.0,1,1,1,111,0,0.0,-1.0
1,0.8695652173913044,0.8695652173913044,0.0,2.0,0.8741418764302059,0.8741418764302059,0,2,2,111,1,2.0,0.0
1,0.8695652173913044,3.4782608695652177,2.608695652173913,2.0,0.8629213483146067,3.4516853932584266,1,2,1,111,1,8.0,6.0
0,0.8695652173913044,0.0,-0.8695652173913044,2.0,0.8666666666666667,0.0,1,1,1,111,0,0.0,-1.0
0,0.8695652173913044,0.8695652173913044,0.0,2.0,0.8635346756152126,0.8635346756152126,0,2,1,111,1,2.0,0.0
0,0.8695652173913044,0.0,-0.8695652173913044,2.0,0.8680089485458614,0.0,0,2,2,111,1,0.0,-2.0
1,0.8695652173913044,0.8695652173913044,0.0,2.0,0.8679245283018868,0.8679245283018868,0,1,1,111,0,1.0,0.0
1,0.8695652173913044,0.0,-0.8695652173913044,2.0,0.8773584905660377,0.0,1,1,1,111,0,0.0,-1.0
1,0.8695652173913044,0.8695652173913044,0.0,2.0,0.868596881959911,0.868596881959911,1,2,1,111,1,2.0,0.0
0,0.8695652173913044,0.4347826086956522,-0.4347826086956522,2.0,0.8711111111111111,0.43555555555555553,1,2,1,111,1,1.0,-1.0
0,0.8695652173913044,0.0,-0.8695652173913044,2.0,0.8755555555555555,0.0,0,2,1,111,1,0.0,-2.0
1,0.8695652173913044,5.217391304347826,4.347826086956522,2.0,0.8571428571428571,5.142857142857142,0,2,2,111,1,12.0,10.0
0,0.8695652173913044,0.0,-0.8695652173913044,2.0,0.8867924528301887,0.0,1,1,2,111,0,0.0,-1.0
0,0.8695652173913044,0.0,-0.8695652173913044,2.0,0.8614718614718615,0.0,0,2,2,111,1,0.0,-2.0
0,0.8695652173913044,0.4347826086956522,-0.4347826086956522,2.0,0.8639308855291576,0.4319654427645788,0,2,2,111,1,1.0,-1.0
1,0.8695652173913044,0.8695652173913044,0.0,2.0,0.8645161290322582,0.8645161290322582,0,2,2,111,1,2.0,0.0
0,0.8695652173913044,2.608695652173913,1.7391304347826089,2.0,0.8715596330275229,2.614678899082569,1,1,2,111,0,3.0,2.0
1,0.8695652173913044,3.4782608695652177,2.608695652173913,2.0,0.8495575221238939,3.3982300884955756,0,1,2,111,0,4.0,3.0
1,0.8695652173913044,1.7391304347826089,0.8695652173913044,2.0,0.861407249466951,1.722814498933902,1,2,2,111,1,4.0,2.0
1,0.8695652173913044,0.8695652173913044,0.0,2.0,0.8508771929824561,0.8508771929824561,1,1,1,111,0,1.0,0.0
0,0.8695652173913044,0.4347826086956522,-0.4347826086956522,2.0,0.8638297872340426,0.4319148936170213,1,2,2,111,1,1.0,-1.0
0,0.8695652173913044,0.0,-0.8695652173913044,2.0,0.8596491228070176,0.0,0,1,2,111,0,0.0,-1.0
1,0.8695652173913044,0.8695652173913044,0.0,2.0,0.8608695652173913,0.8608695652173913,0,1,2,111,0,1.0,0.0
0,0.8695652173913044,0.0,-0.8695652173913044,2.0,0.8680851063829788,0.0,1,2,2,111,1,0.0,-2.0
1,0.8695652173913044,1.7391304347826089,0.8695652173913044,2.0,0.8649789029535866,1.7299578059071732,0,2,1,111,1,4.0,2.0
0,0.8695652173913044,0.0,-0.8695652173913044,2.0,0.869198312236287,0.0,1,2,2,111,1,0.0,-2.0
0,0.8695652173913044,0.0,-0.8695652173913044,2.0,0.8695652173913044,0.0,0,1,1,111,0,0.0,-1.0
1,0.8695652173913044,1.3043478260869565,0.4347826086956522,2.0,0.8679245283018868,1.3018867924528301,0,2,1,111,1,3.0,1.0
0,0.8695652173913044,0.8695652173913044,0.0,2.0,0.8684759916492693,0.8684759916492693,1,2,2,111,1,2.0,0.0
0,0.8695652173913044,0.0,-0.8695652173913044,2.0,0.872651356993737,0.0,0,2,2,111,1,0.0,-2.0
1,0.8695652173913044,1.7391304347826089,0.8695652173913044,2.0,0.8695652173913044,1.7391304347826089,0,2,2,111,1,4.0,2.0
0,0.6896551724137931,0.0,-0.6896551724137931,3.0,1.0,0.0,100,1,2,111,0,0.0,-1.0
1,0.6,3.0,2.4,3.0,0.2,1.0,0,2,2,111,1,10.0,8.0
1,0.6,1.7999999999999998,1.2,3.0,0.25,0.75,1,2,2,111,1,6.0,4.0
0,0.6,0.6,0.0,3.0,0.3333333333333333,0.3333333333333333,1,2,2,111,1,2.0,0.0
1,0.6896551724137931,2.0689655172413794,1.3793103448275863,3.0,0.6666666666666666,2.0,0,1,2,111,0,3.0,2.0
1,0.6,4.2,3.5999999999999996,3.0,0.25,1.75,1,2,1,111,1,14.0,12.0
1,0.6,1.2,0.6,3.0,0.2777777777777778,0.5555555555555556,1,2,1,111,1,4.0,2.0
1,0.6,0.8999999999999999,0.3,3.0,0.3076923076923077,0.46153846153846156,1,2,1,111,1,3.0,1.0
1,0.6,1.2,0.6,3.0,0.3255813953488372,0.6511627906976744,1,2,2,111,1,4.0,2.0
1,0.6,1.2,0.6,3.0,0.3404255319148936,0.6808510638297872,1,2,1,111,1,4.0,2.0
1,0.6896551724137931,4.137931034482759,3.4482758620689657,3.0,0.3333333333333333,2.0,1,1,2,111,0,6.0,5.0
0,0.6,0.0,-0.6,3.0,0.3829787234042553,0.0,1,2,1,111,1,0.0,-2.0
1,0.6896551724137931,2.7586206896551726,2.0689655172413794,3.0,0.3076923076923077,1.2307692307692308,0,1,2,111,0,4.0,3.0
1,0.6896551724137931,0.6896551724137931,0.0,3.0,0.35714285714285715,0.35714285714285715,1,1,1,111,0,1.0,0.0
0,0.6,0.6,0.0,3.0,0.4081632653061224,0.4081632653061224,1,2,1,111,1,2.0,0.0
1,0.6896551724137931,1.3793103448275863,0.6896551724137931,3.0,0.375,0.75,0,1,1,111,0,2.0,1.0
1,0.6,1.7999999999999998,1.2,3.0,0.4,1.2,1,2,2,111,1,6.0,4.0
1,0.6,1.7999999999999998,1.2,3.0,0.3934426229508197,1.180327868852459,1,2,1,111,1,6.0,4.0
0,0.6,0.3,-0.3,3.0,0.41935483870967744,0.20967741935483872,1,2,1,111,1,1.0,-1.0
1,0.6896551724137931,0.0,-0.6896551724137931,3.0,0.4375,0.0,0,1,2,111,0,0.0,-1.0
1,0.6,0.8999999999999999,0.3,3.0,0.43076923076923074,0.6461538461538461,1,2,2,111,1,3.0,1.0
1,0.6896551724137931,2.7586206896551726,2.0689655172413794,3.0,0.4,1.6,1,1,2,111,0,4.0,3.0
1,0.6,0.6,0.0,3.0,0.44776119402985076,0.44776119402985076,1,2,2,111,1,2.0,0.0
1,0.6,1.2,0.6,3.0,0.4507042253521127,0.9014084507042254,1,2,1,111,1,4.0,2.0
0,0.6,0.0,-0.6,3.0,0.4788732394366197,0.0,1,2,2,111,1,0.0,-2.0
0,0.6,0.6,0.0,3.0,0.4931506849315069,0.4931506849315069,0,2,2,111,1,2.0,0.0
0,0.6,0.3,-0.3,3.0,0.5135135135135135,0.25675675675675674,0,2,1,111,1,1.0,-1.0
0,0.6,0.3,-0.3,3.0,0.5333333333333333,0.26666666666666666,0,2,2,111,1,1.0,-1.0
1,0.6,1.2,0.6,3.0,0.5316455696202532,1.0632911392405064,0,2,1,111,1,4.0,2.0
0,0.6,0.0,-0.6,3.0,0.5569620253164557,0.0,1,2,1,111,1,0.0,-2.0
0,0.6,0.0,-0.6,3.0,0.5822784810126582,0.0,0,2,2,111,1,0.0,-2.0
0,0.6,0.6,0.0,3.0,0.5925925925925926,0.5925925925925926,0,2,2,111,1,2.0,0.0
0,0.6,0.0,-0.6,3.0,0.6172839506172839,0.0,0,2,2,111,1,0.0,-2.0
0,0.6896551724137931,0.0,-0.6896551724137931,3.0,0.44999999999999996,0.0,0,1,1,111,0,0.0,-1.0
1,0.6,2.4,1.7999999999999998,3.0,0.5842696629213483,2.337078651685393,0,2,2,111,1,8.0,6.0
1,0.6,0.6,0.0,3.0,0.5934065934065934,0.5934065934065934,1,2,1,111,1,2.0,0.0
1,0.6896551724137931,0.6896551724137931,0.0,3.0,0.47619047619047616,0.47619047619047616,1,1,1,111,0,1.0,0.0
1,0.6,0.6,0.0,3.0,0.6021505376344086,0.6021505376344086,1,2,1,111,1,2.0,0.0
1,0.6,0.6,0.0,3.0,0.6105263157894737,0.6105263157894737,1,2,1,111,1,2.0,0.0
1,0.6896551724137931,1.3793103448275863,0.6896551724137931,3.0,0.4782608695652174,0.9565217391304348,1,1,2,111,0,2.0,1.0
1,0.6,0.6,0.0,3.0,0.6185567010309279,0.6185567010309279,1,2,1,111,1,2.0,0.0
1,0.6896551724137931,0.6896551724137931,0.0,3.0,0.5,0.5,1,1,2,111,0,1.0,0.0
0,0.6,0.3,-0.3,3.0,0.6326530612244898,0.3163265306122449,1,2,1,111,1,1.0,-1.0
0,0.6,0.6,0.0,3.0,0.64,0.64,0,2,2,111,1,2.0,0.0
0,0.6896551724137931,0.0,-0.6896551724137931,3.0,0.5416666666666666,0.0,0,1,1,111,0,0.0,-1.0
1,0.6,1.2,0.6,3.0,0.6346153846153847,1.2692307692307694,0,2,2,111,1,4.0,2.0
1,0.6,1.2,0.6,3.0,0.6296296296296297,1.2592592592592593,1,2,2,111,1,4.0,2.0
1,0.6,1.7999999999999998,1.2,3.0,0.6140350877192983,1.8421052631578947,1,2,2,111,1,6.0,4.0
0,0.6,0.0,-0.6,3.0,0.6315789473684211,0.0,1,2,1,111,1,0.0,-2.0
0,0.6896551724137931,0.0,-0.6896551724137931,3.0,0.5833333333333334,0.0,0,1,1,111,0,0.0,-1.0
0,0.6896551724137931,0.0,-0.6896551724137931,3.0,0.625,0.0,0,1,1,111,0,0.0,-1.0
1,0.6,0.6,0.0,3.0,0.6379310344827587,0.6379310344827587,0,2,2,111,1,2.0,0.0
0,0.6,0.0,-0.6,3.0,0.6551724137931034,0.0,1,2,1,111,1,0.0,-2.0
0,0.6896551724137931,0.0,-0.6896551724137931,3.0,0.6666666666666666,0.0,0,1,2,111,0,0.0,-1.0
1,0.6896551724137931,2.7586206896551726,2.0689655172413794,3.0,0.6071428571428572,2.428571428571429,0,1,2,111,0,4.0,3.0
0,0.6,0.0,-0.6,3.0,0.6724137931034483,0.0,1,2,2,111,1,0.0,-2.0
1,0.6896551724137931,0.6896551724137931,0.0,3.0,0.6206896551724138,0.6206896551724138,0,1,1,111,0,1.0,0.0
0,0.6896551724137931,0.0,-0.6896551724137931,3.0,0.6551724137931034,0.0,1,1,1,111,0,0.0,-1.0
1,0.6,1.2,0.6,3.0,0.6666666666666666,1.3333333333333333,0,2,1,111,1,4.0,2.0
1,0.6,1.2,0.6,3.0,0.6612903225806451,1.3225806451612903,1,2,2,111,1,4.0,2.0
0,0.6896551724137931,0.0,-0.6896551724137931,3.0,0.6896551724137931,0.0,1,1,1,111,0,0.0,-1.0
1,0.6,1.2,0.6,3.0,0.65625,1.3125,0,2,2,111,1,4.0,2.0
1,0.6,2.4,1.7999999999999998,3.0,0.6323529411764707,2.5294117647058827,100,2,1,111,1,8.0,6.0
0,0.6896551724137931,0.0,-0.6896551724137931,3.0,0.7241379310344828,0.0,1,1,2,111,0,0.0,-1.0
0,0.6896551724137931,0.0,-0.6896551724137931,3.0,0.7586206896551725,0.0,0,1,2,111,0,0.0,-1.0
1,0.6,1.7999999999999998,1.2,3.0,0.619718309859155,1.859154929577465,0,2,1,111,1,6.0,4.0
1,0.6,1.7999999999999998,1.2,3.0,0.6081081081081081,1.8243243243243243,1,2,2,111,1,6.0,4.0
1,0.6,4.2,3.5999999999999996,3.0,0.5679012345679012,3.9753086419753085,1,2,2,111,1,14.0,12.0
0,0.6,0.6,0.0,3.0,0.573170731707317,0.573170731707317,1,2,1,111,1,2.0,0.0
1,0.6,3.0,2.4,3.0,0.5517241379310345,2.7586206896551726,0,2,1,111,1,10.0,8.0
0,0.6896551724137931,0.0,-0.6896551724137931,3.0,0.793103448275862,0.0,1,1,1,111,0,0.0,-1.0
1,0.6896551724137931,2.7586206896551726,2.0689655172413794,3.0,0.7272727272727273,2.909090909090909,0,1,1,111,0,4.0,3.0
0,0.6,0.6,0.0,3.0,0.5568181818181818,0.5568181818181818,1,2,2,111,1,2.0,0.0
1,0.6,0.6,0.0,3.0,0.5617977528089888,0.5617977528089888,0,2,2,111,1,2.0,0.0
1,0.6,2.1,1.5,3.0,0.5513513513513514,1.9297297297297298,1,2,2,111,1,7.0,5.0
1,0.6896551724137931,0.6896551724137931,0.0,3.0,0.7352941176470588,0.7352941176470588,1,1,2,111,0,1.0,0.0
0,0.6,0.0,-0.6,3.0,0.5621621621621622,0.0,1,2,2,111,1,0.0,-2.0
1,0.6,1.5,0.8999999999999999,3.0,0.5578947368421052,1.394736842105263,0,2,1,111,1,5.0,3.0
0,0.6,0.3,-0.3,3.0,0.5654450261780104,0.2827225130890052,1,2,2,111,1,1.0,-1.0
0,0.6,0.0,-0.6,3.0,0.5759162303664922,0.0,0,2,2,111,1,0.0,-2.0
1,0.6896551724137931,1.3793103448275863,0.6896551724137931,3.0,0.7222222222222222,1.4444444444444444,0,1,1,111,0,2.0,1.0
1,0.6,1.7999999999999998,1.2,3.0,0.5685279187817259,1.7055837563451777,1,2,2,111,1,6.0,4.0
1,0.6,1.2,0.6,3.0,0.5671641791044776,1.1343283582089552,1,2,2,111,1,4.0,2.0
1,0.6,0.6,0.0,3.0,0.5714285714285714,0.5714285714285714,1,2,2,111,1,2.0,0.0
1,0.6896551724137931,0.0,-0.6896551724137931,3.0,0.75,0.0,1,1,2,111,0,0.0,-1.0
1,0.6,0.6,0.0,3.0,0.5756097560975609,0.5756097560975609,1,2,2,111,1,2.0,0.0
0,0.6,0.0,-0.6,3.0,0.5853658536585367,0.0,1,2,1,111,1,0.0,-2.0
1,0.6,0.8999999999999999,0.3,3.0,0.5865384615384616,0.8798076923076924,0,2,1,111,1,3.0,1.0
0,0.6896551724137931,0.0,-0.6896551724137931,3.0,0.7777777777777777,0.0,1,1,1,111,0,0.0,-1.0
0,0.6,0.6,0.0,3.0,0.5904761904761905,0.5904761904761905,0,2,1,111,1,2.0,0.0
1,0.6896551724137931,0.6896551724137931,0.0,3.0,0.7837837837837838,0.7837837837837838,0,1,2,111,0,1.0,0.0
1,0.6,2.4,1.7999999999999998,3.0,0.5779816513761468,2.311926605504587,1,2,1,111,1,8.0,6.0
1,0.6,3.0,2.4,3.0,0.5614035087719298,2.807017543859649,1,2,1,111,1,10.0,8.0
1,0.6,1.2,0.6,3.0,0.5603448275862069,1.1206896551724137,1,2,1,111,1,4.0,2.0
1,0.6,1.7999999999999998,1.2,3.0,0.5546218487394958,1.6638655462184875,1,2,1,111,1,6.0,4.0
0,0.6,0.0,-0.6,3.0,0.5630252100840336,0.0,1,2,1,111,1,0.0,-2.0
1,0.6896551724137931,0.6896551724137931,0.0,3.0,0.7894736842105263,0.7894736842105263,0,1,1,111,0,1.0,0.0
1,0.6896551724137931,2.7586206896551726,2.0689655172413794,3.0,0.7380952380952381,2.9523809523809526,1,1,2,111,0,4.0,3.0
1,0.6,0.6,0.0,3.0,0.5666666666666667,0.5666666666666667,1,2,1,111,1,2.0,0.0
0,0.6896551724137931,0.0,-0.6896551724137931,3.0,0.7619047619047619,0.0,1,1,1,111,0,0.0,-1.0
1,0.6896551724137931,1.3793103448275863,0.6896551724137931,3.0,0.75,1.5,0,1,2,111,0,2.0,1.0
1,0.6,1.7999999999999998,1.2,3.0,0.5609756097560976,1.6829268292682928,1,2,2,111,1,6.0,4.0
1,0.6,2.4,1.7999999999999998,3.0,0.5511811023622047,2.204724409448819,1,2,1,111,1,8.0,6.0
1,0.6,1.5,0.8999999999999999,3.0,0.5482625482625483,1.3706563706563706,1,2,1,111,1,5.0,3.0
0,0.6,0.0,-0.6,3.0,0.555984555984556,0.0,1,2,1,111,1,0.0,-2.0
1,0.6896551724137931,4.137931034482759,3.4482758620689657,3.0,0.6799999999999999,4.08,0,1,1,111,0,6.0,5.0
1,0.6,1.7999999999999998,1.2,3.0,0.5509433962264151,1.6528301886792454,1,2,2,111,1,6.0,4.0
1,0.6,1.7999999999999998,1.2,3.0,0.5461254612546125,1.6383763837638377,1,2,1,111,1,6.0,4.0
0,0.6,1.2,0.6,3.0,0.5454545454545455,1.090909090909091,1,2,2,111,1,4.0,2.0
0,0.6896551724137931,0.0,-0.6896551724137931,3.0,0.7,0.0,0,1,2,111,0,0.0,-1.0
1,0.6,1.5,0.8999999999999999,3.0,0.5428571428571428,1.3571428571428572,0,2,1,111,1,5.0,3.0
1,0.6,1.2,0.6,3.0,0.5422535211267606,1.0845070422535212,1,2,1,111,1,4.0,2.0
1,0.6896551724137931,2.7586206896551726,2.0689655172413794,3.0,0.6666666666666666,2.6666666666666665,1,1,1,111,0,4.0,3.0
0,0.6896551724137931,0.0,-0.6896551724137931,3.0,0.6851851851851852,0.0,1,1,1,111,0,0.0,-1.0
0,0.6,0.6,0.0,3.0,0.5454545454545455,0.5454545454545455,0,2,1,111,1,2.0,0.0
1,0.6896551724137931,2.0689655172413794,1.3793103448275863,3.0,0.6666666666666666,2.0,0,1,2,111,0,3.0,2.0
0,0.6,1.2,0.6,3.0,0.5448275862068965,1.089655172413793,1,2,1,111,1,4.0,2.0
1,0.6,1.2,0.6,3.0,0.54421768707483,1.08843537414966,0,2,1,111,1,4.0,2.0
1,0.6,2.4,1.7999999999999998,3.0,0.5364238410596026,2.1456953642384105,1,2,2,111,1,8.0,6.0
1,0.6,0.3,-0.3,3.0,0.5412541254125413,0.2706270627062706,1,2,1,111,1,1.0,-1.0
0,0.6896551724137931,0.0,-0.6896551724137931,3.0,0.6842105263157895,0.0,1,1,2,111,0,0.0,-1.0
1,0.6896551724137931,0.6896551724137931,0.0,3.0,0.6896551724137931,0.6896551724137931,0,1,2,111,0,1.0,0.0
1,0.6,0.6,0.0,3.0,0.5442622950819672,0.5442622950819672,1,2,1,111,1,2.0,0.0
0,0.6,0.0,-0.6,3.0,0.5508196721311476,0.0,1,2,2,111,1,0.0,-2.0
1,0.6896551724137931,0.6896551724137931,0.0,3.0,0.6949152542372882,0.6949152542372882,100,1,2,111,0,1.0,0.0
1,0.6896551724137931,2.7586206896551726,2.0689655172413794,3.0,0.6666666666666666,2.6666666666666665,1,1,2,111,0,4.0,3.0
1,0.6,1.7999999999999998,1.2,3.0,0.5466237942122186,1.639871382636656,1,2,2,111,1,6.0,4.0
1,0.6,0.6,0.0,3.0,0.549520766773163,0.549520766773163,1,2,2,111,1,2.0,0.0
1,0.6,1.7999999999999998,1.2,3.0,0.5454545454545455,1.6363636363636365,1,2,2,111,1,6.0,4.0
1,0.6896551724137931,0.6896551724137931,0.0,3.0,0.671875,0.671875,1,1,1,111,0,1.0,0.0
0,0.6,0.0,-0.6,3.0,0.5517241379310345,0.0,1,2,1,111,1,0.0,-2.0
0,0.6,0.0,-0.6,3.0,0.5579937304075235,0.0,0,2,2,111,1,0.0,-2.0
0,0.6896551724137931,0.0,-0.6896551724137931,3.0,0.6875,0.0,0,1,1,111,0,0.0,-1.0
1,0.6,0.6,0.0,3.0,0.5607476635514018,0.5607476635514018,0,2,1,111,1,2.0,0.0
1,0.6,1.2,0.6,3.0,0.5599999999999999,1.1199999999999999,1,2,1,111,1,4.0,2.0
0,0.6896551724137931,0.0,-0.6896551724137931,3.0,0.703125,0.0,1,1,1,111,0,0.0,-1.0
1,0.6,1.2,0.6,3.0,0.5592705167173252,1.1185410334346504,0,2,2,111,1,4.0,2.0
1,0.6896551724137931,1.3793103448275863,0.6896551724137931,3.0,0.696969696969697,1.393939393939394,1,1,2,111,0,2.0,1.0
1,0.6,1.7999999999999998,1.2,3.0,0.5552238805970149,1.6656716417910449,1,2,1,111,1,6.0,4.0
0,0.6,0.0,-0.6,3.0,0.5611940298507463,0.0,1,2,1,111,1,0.0,-2.0
0,0.6896551724137931,0.0,-0.6896551724137931,3.0,0.7121212121212122,0.0,0,1,2,111,0,0.0,-1.0
0,0.6,0.0,-0.6,3.0,0.5671641791044776,0.0,0,2,1,111,1,0.0,-2.0
1,0.6,0.6,0.0,3.0,0.56973293768546,0.56973293768546,0,2,2,111,1,2.0,0.0
0,0.6,0.0,-0.6,3.0,0.5756676557863502,0.0,1,2,2,111,1,0.0,-2.0
0,0.6,0.6,0.0,3.0,0.5781710914454278,0.5781710914454278,0,2,1,111,1,2.0,0.0
0,0.6896551724137931,0.0,-0.6896551724137931,3.0,0.7272727272727273,0.0,0,1,1,111,0,0.0,-1.0
0,0.6896551724137931,0.0,-0.6896551724137931,3.0,0.7424242424242424,0.0,0,1,1,111,0,0.0,-1.0
0,0.6,0.0,-0.6,3.0,0.584070796460177,0.0,0,2,2,111,1,0.0,-2.0
1,0.6,1.7999999999999998,1.2,3.0,0.5797101449275363,1.7391304347826086,0,2,1,111,1,6.0,4.0
1,0.6896551724137931,4.137931034482759,3.4482758620689657,3.0,0.6944444444444444,4.166666666666667,1,1,1,111,0,6.0,5.0
1,0.6896551724137931,2.0689655172413794,1.3793103448275863,3.0,0.6799999999999999,2.04,1,1,1,111,0,3.0,2.0
1,0.6,0.6,0.0,3.0,0.5821325648414986,0.5821325648414986,1,2,1,111,1,2.0,0.0
1,0.6,2.1,1.5,3.0,0.576271186440678,2.016949152542373,1,2,1,111,1,7.0,5.0
0,0.6896551724137931,0.0,-0.6896551724137931,3.0,0.6933333333333334,0.0,1,1,1,111,0,0.0,-1.0
1,0.6896551724137931,2.7586206896551726,2.0689655172413794,3.0,0.6708860759493671,2.6835443037974684,0,1,2,111,0,4.0,3.0
1,0.6896551724137931,0.6896551724137931,0.0,3.0,0.675,0.675,1,1,2,111,0,1.0,0.0
0,0.6,0.0,-0.6,3.0,0.5819209039548023,0.0,1,2,1,111,1,0.0,-2.0
1,0.6,1.2,0.6,3.0,0.5810055865921787,1.1620111731843574,0,2,2,111,1,4.0,2.0
1,0.6,0.6,0.0,3.0,0.5833333333333334,0.5833333333333334,1,2,1,111,1,2.0,0.0
1,0.6896551724137931,0.6896551724137931,0.0,3.0,0.6790123456790124,0.6790123456790124,1,1,1,111,0,1.0,0.0
0,0.6896551724137931,0.0,-0.6896551724137931,3.0,0.691358024691358,0.0,1,1,2,111,0,0.0,-1.0
0,0.6,0.8999999999999999,0.3,3.0,0.5840220385674931,0.8760330578512396,0,2,2,111,1,3.0,1.0
0,0.6,0.3,-0.3,3.0,0.5879120879120879,0.29395604395604397,0,2,1,111,1,1.0,-1.0
1,0.6,0.6,0.0,3.0,0.5901639344262295,0.5901639344262295,0,2,2,111,1,2.0,0.0
1,0.6,1.2,0.6,3.0,0.5891891891891892,1.1783783783783783,1,2,1,111,1,4.0,2.0
1,0.6,3.5999999999999996,3.0,3.0,0.5759162303664922,3.4554973821989527,1,2,2,111,1,12.0,10.0
1,0.6,2.4,1.7999999999999998,3.0,0.5692307692307692,2.276923076923077,1,2,2,111,1,8.0,6.0
0,0.6,0.6,0.0,3.0,0.5714285714285714,0.5714285714285714,1,2,2,111,1,2.0,0.0
0,0.6,0.0,-0.6,3.0,0.576530612244898,0.0,0,2,2,111,1,0.0,-2.0
1,0.6896551724137931,0.0,-0.6896551724137931,3.0,0.7037037037037037,0.0,0,1,2,111,0,0.0,-1.0
1,0.6896551724137931,2.7586206896551726,2.0689655172413794,3.0,0.6823529411764706,2.7294117647058824,1,1,1,111,0,4.0,3.0
0,0.6,0.3,-0.3,3.0,0.5801526717557253,0.29007633587786263,1,2,1,111,1,1.0,-1.0
0,0.6,0.6,0.0,3.0,0.5822784810126582,0.5822784810126582,0,2,2,111,1,2.0,0.0
1,0.6,1.5,0.8999999999999999,3.0,0.5800000000000001,1.4500000000000002,0,2,1,111,1,5.0,3.0
0,0.6,0.0,-0.6,3.0,0.5850000000000001,0.0,1,2,1,111,1,0.0,-2.0
1,0.6,1.2,0.6,3.0,0.5841584158415841,1.1683168316831682,0,2,2,111,1,4.0,2.0
1,0.6,1.7999999999999998,1.2,3.0,0.5804878048780487,1.7414634146341463,1,2,2,111,1,6.0,4.0
0,0.6,0.0,-0.6,3.0,0.5853658536585367,0.0,1,2,2,111,1,0.0,-2.0
0,0.6,0.6,0.0,3.0,0.587378640776699,0.587378640776699,0,2,1,111,1,2.0,0.0
1,0.6,1.7999999999999998,1.2,3.0,0.583732057416268,1.7511961722488039,0,2,1,111,1,6.0,4.0
1,0.6896551724137931,1.3793103448275863,0.6896551724137931,3.0,0.6781609195402298,1.3563218390804597,1,1,1,111,0,2.0,1.0
1,0.6,2.4,1.7999999999999998,3.0,0.5774647887323944,2.3098591549295775,1,2,2,111,1,8.0,6.0
1,0.6,2.1,1.5,3.0,0.5727482678983834,2.004618937644342,1,2,1,111,1,7.0,5.0
1,0.6,2.6999999999999997,2.1,3.0,0.5656108597285068,2.5452488687782804,1,2,2,111,1,9.0,7.0
1,0.6896551724137931,0.0,-0.6896551724137931,3.0,0.6896551724137931,0.0,1,1,2,111,0,0.0,-1.0
1,0.6,1.7999999999999998,1.2,3.0,0.5625,1.6875,1,2,1,111,1,6.0,4.0
0,0.6,0.6,0.0,3.0,0.5644444444444444,0.5644444444444444,100,2,1,111,1,2.0,0.0
0,0.6,0.3,-0.3,3.0,0.5676274944567627,0.2838137472283814,0,2,2,111,1,1.0,-1.0
1,0.6896551724137931,4.137931034482759,3.4482758620689657,3.0,0.6559139784946237,3.935483870967742,0,1,1,111,0,6.0,5.0
0,0.6896551724137931,0.6896551724137931,0.0,3.0,0.6595744680851063,0.6595744680851063,1,1,2,111,0,1.0,0.0
0,0.6896551724137931,0.0,-0.6896551724137931,3.0,0.6702127659574468,0.0,0,1,2,111,0,0.0,-1.0
1,0.6896551724137931,2.7586206896551726,2.0689655172413794,3.0,0.6530612244897959,2.6122448979591835,0,1,1,111,0,4.0,3.0
1,0.6,2.1,1.5,3.0,0.5633187772925764,1.9716157205240175,1,2,1,111,1,7.0,5.0
0,0.6,0.0,-0.6,3.0,0.5676855895196506,0.0,1,2,1,111,1,0.0,-2.0
0,0.6,0.6,0.0,3.0,0.5695652173913044,0.5695652173913044,0,2,2,111,1,2.0,0.0
0,0.6896551724137931,0.0,-0.6896551724137931,3.0,0.6632653061224489,0.0,0,1,2,111,0,0.0,-1.0
0,0.6,0.0,-0.6,3.0,0.5739130434782609,0.0,0,2,1,111,1,0.0,-2.0
0,0.6896551724137931,0.0,-0.6896551724137931,3.0,0.673469387755102,0.0,0,1,2,111,0,0.0,-1.0
0,0.6,0.8999999999999999,0.3,3.0,0.5745140388768899,0.8617710583153347,0,2,2,111,1,3.0,1.0
1,0.6,3.5999999999999996,3.0,3.0,0.5642105263157895,3.385263157894737,0,2,1,111,1,12.0,10.0
0,0.6,0.0,-0.6,3.0,0.5684210526315789,0.0,1,2,2,111,1,0.0,-2.0
0,0.6,0.6,0.0,3.0,0.5702306079664571,0.5702306079664571,0,2,1,111,1,2.0,0.0
0,0.6896551724137931,0.0,-0.6896551724137931,3.0,0.6836734693877551,0.0,0,1,2,111,0,0.0,-1.0
1,0.6,0.6,0.0,3.0,0.5720250521920668,0.5720250521920668,0,2,1,111,1,2.0,0.0
1,0.6,1.7999999999999998,1.2,3.0,0.5690721649484536,1.7072164948453608,1,2,1,111,1,6.0,4.0
1,0.6,2.1,1.5,3.0,0.5650406504065041,1.9776422764227641,1,2,1,111,1,7.0,5.0
0,0.6,0.3,-0.3,3.0,0.5679513184584178,0.2839756592292089,1,2,1,111,1,1.0,-1.0
1,0.6,1.2,0.6,3.0,0.5674044265593561,1.1348088531187122,0,2,2,111,1,4.0,2.0
1,0.6,1.7999999999999998,1.2,3.0,0.5646123260437376,1.6938369781312128,1,2,1,111,1,6.0,4.0
0,0.6,0.3,-0.3,3.0,0.5674603174603174,0.2837301587301587,1,2,2,111,1,1.0,-1.0
0,0.6896551724137931,1.3793103448275863,0.6896551724137931,3.0,0.6799999999999999,1.3599999999999999,0,1,1,111,0,2.0,1.0
0,0.6896551724137931,0.0,-0.6896551724137931,3.0,0.69,0.0,0,1,1,111,0,0.0,-1.0
0,0.6,0.0,-0.6,3.0,0.5714285714285714,0.0,0,2,1,111,1,0.0,-2.0
1,0.6,0.8999999999999999,0.3,3.0,0.571992110453649,0.8579881656804733,0,2,2,111,1,3.0,1.0
1,0.6,1.2,0.6,3.0,0.5714285714285714,1.1428571428571428,1,2,1,111,1,4.0,2.0
1,0.6,0.8999999999999999,0.3,3.0,0.5719844357976653,0.8579766536964981,1,2,1,111,1,3.0,1.0
0,0.6896551724137931,0.0,-0.6896551724137931,3.0,0.7,0.0,1,1,1,111,0,0.0,-1.0
1,0.6,1.7999999999999998,1.2,3.0,0.5692307692307692,1.7076923076923076,0,2,2,111,1,6.0,4.0
0,0.6,0.0,-0.6,3.0,0.5730769230769232,0.0,1,2,1,111,1,0.0,-2.0
1,0.6896551724137931,2.7586206896551726,2.0689655172413794,3.0,0.6826923076923077,2.730769230769231,0,1,2,111,0,4.0,3.0
1,0.6896551724137931,2.0689655172413794,1.3793103448275863,3.0,0.6728971962616822,2.0186915887850465,1,1,1,111,0,3.0,2.0
1,0.6,1.7999999999999998,1.2,3.0,0.5703422053231939,1.7110266159695817,1,2,2,111,1,6.0,4.0
0,0.6,0.0,-0.6,3.0,0.5741444866920152,0.0,1,2,1,111,1,0.0,-2.0
1,0.6896551724137931,0.0,-0.6896551724137931,3.0,0.6822429906542056,0.0,0,1,2,111,0,0.0,-1.0
1,0.6,0.8999999999999999,0.3,3.0,0.5746691871455577,0.8620037807183365,1,2,1,111,1,3.0,1.0
0,0.6,0.6,0.0,3.0,0.576271186440678,0.576271186440678,1,2,1,111,1,2.0,0.0
1,0.6,0.6,0.0,3.0,0.5778611632270169,0.5778611632270169,0,2,1,111,1,2.0,0.0
1,0.6,1.2,0.6,3.0,0.5772811918063315,1.154562383612663,1,2,2,111,1,4.0,2.0
0,0.6,0.0,-0.6,3.0,0.5810055865921787,0.0,1,2,2,111,1,0.0,-2.0
0,0.6,0.0,-0.6,3.0,0.5847299813780261,0.0,0,2,2,111,1,0.0,-2.0
0,0.6896551724137931,0.6896551724137931,0.0,3.0,0.6851851851851852,0.6851851851851852,0,1,1,111,0,1.0,0.0
0,0.6,0.6,0.0,3.0,0.5862708719851577,0.5862708719851577,0,2,2,111,1,2.0,0.0
0,0.6,0.6,0.0,3.0,0.5878003696857671,0.5878003696857671,0,2,2,111,1,2.0,0.0
0,0.6,0.0,-0.6,3.0,0.5914972273567467,0.0,0,2,2,111,1,0.0,-2.0
0,0.6,0.0,-0.6,3.0,0.5951940850277264,0.0,0,2,2,111,1,0.0,-2.0
0,0.6896551724137931,0.0,-0.6896551724137931,3.0,0.6944444444444444,0.0,0,1,2,111,0,0.0,-1.0
1,0.6,1.7999999999999998,1.2,3.0,0.5923217550274223,1.776965265082267,0,2,1,111,1,6.0,4.0
1,0.6896551724137931,0.6896551724137931,0.0,3.0,0.6972477064220184,0.6972477064220184,1,1,2,111,0,1.0,0.0
1,0.6,1.7999999999999998,1.2,3.0,0.5895117540687161,1.7685352622061483,1,2,1,111,1,6.0,4.0
1,0.6896551724137931,0.6896551724137931,0.0,3.0,0.7,0.7,1,1,1,111,0,1.0,0.0
1,0.6,1.2,0.6,3.0,0.5888689407540395,1.177737881508079,1,2,2,111,1,4.0,2.0
0,0.6,0.0,-0.6,3.0,0.59245960502693,0.0,1,2,1,111,1,0.0,-2.0
0,0.6,0.0,-0.6,3.0,0.5960502692998205,0.0,0,2,1,111,1,0.0,-2.0
1,0.6,1.7999999999999998,1.2,3.0,0.5932504440497336,1.7797513321492007,0,2,2,111,1,6.0,4.0
0,0.6896551724137931,0.0,-0.6896551724137931,3.0,0.709090909090909,0.0,1,1,2,111,0,0.0,-1.0
1,0.6896551724137931,1.3793103448275863,0.6896551724137931,3.0,0.7053571428571429,1.4107142857142858,0,1,1,111,0,2.0,1.0
1,0.6,2.1,1.5,3.0,0.5894736842105264,2.0631578947368423,1,2,2,111,1,7.0,5.0
1,0.6896551724137931,2.7586206896551726,2.0689655172413794,3.0,0.6896551724137931,2.7586206896551726,1,1,1,111,0,4.0,3.0
1,0.6,0.6,0.0,3.0,0.5909090909090909,0.5909090909090909,100,2,1,111,1,2.0,0.0
0,0.6,0.0,-0.6,3.0,0.5944055944055944,0.0,1,2,1,111,1,0.0,-2.0
0,0.6,0.0,-0.6,3.0,0.5979020979020979,0.0,0,2,2,111,1,0.0,-2.0
1,0.6896551724137931,0.6896551724137931,0.0,3.0,0.6923076923076923,0.6923076923076923,0,1,1,111,0,1.0,0.0
1,0.6896551724137931,4.137931034482759,3.4482758620689657,3.0,0.6666666666666666,4.0,1,1,2,111,0,6.0,5.0
1,0.6,1.2,0.6,3.0,0.5972222222222222,1.1944444444444444,1,2,1,111,1,4.0,2.0
1,0.6,2.4,1.7999999999999998,3.0,0.5924657534246576,2.3698630136986303,1,2,2,111,1,8.0,6.0
0,0.6896551724137931,0.0,-0.6896551724137931,3.0,0.6747967479674797,0.0,1,1,1,111,0,0.0,-1.0
0,0.6,0.0,-0.6,3.0,0.5958904109589042,0.0,0,2,2,111,1,0.0,-2.0
1,0.6896551724137931,0.6896551724137931,0.0,3.0,0.6774193548387096,0.6774193548387096,0,1,2,111,0,1.0,0.0
0,0.6,0.6,0.0,3.0,0.5972696245733788,0.5972696245733788,1,2,1,111,1,2.0,0.0
1,0.6,2.4,1.7999999999999998,3.0,0.5925925925925926,2.3703703703703702,0,2,1,111,1,8.0,6.0
1,0.6,1.7999999999999998,1.2,3.0,0.5900000000000001,1.77,1,2,2,111,1,6.0,4.0
1,0.6,0.6,0.0,3.0,0.5913621262458472,0.5913621262458472,1,2,2,111,1,2.0,0.0
1,0.6,2.4,1.7999999999999998,3.0,0.5868852459016394,2.3475409836065575,1,2,1,111,1,8.0,6.0
1,0.6896551724137931,2.7586206896551726,2.0689655172413794,3.0,0.6640625,2.65625,1,1,2,111,0,4.0,3.0
0,0.6896551724137931,0.0,-0.6896551724137931,3.0,0.671875,0.0,1,1,1,111,0,0.0,-1.0
0,0.6,0.3,-0.3,3.0,0.5891980360065466,0.2945990180032733,0,2,2,111,1,1.0,-1.0
1,0.6,0.6,0.0,3.0,0.5905383360522023,0.5905383360522023,0,2,2,111,1,2.0,0.0
0,0.6896551724137931,0.0,-0.6896551724137931,3.0,0.6796875,0.0,1,1,1,111,0,0.0,-1.0
1,0.6896551724137931,1.3793103448275863,0.6896551724137931,3.0,0.676923076923077,1.353846153846154,0,1,2,111,0,2.0,1.0
1,0.6,1.2,0.6,3.0,0.5899513776337115,1.179902755267423,1,2,2,111,1,4.0,2.0
1,0.6,1.2,0.6,3.0,0.5893719806763285,1.178743961352657,1,2,2,111,1,4.0,2.0
0,0.6,0.3,-0.3,3.0,0.5916398713826366,0.2958199356913183,1,2,2,111,1,1.0,-1.0
0,0.6,0.3,-0.3,3.0,0.593900481540931,0.2969502407704655,0,2,2,111,1,1.0,-1.0
1,0.6,1.7999999999999998,1.2,3.0,0.5914149443561209,1.7742448330683624,0,2,1,111,1,6.0,4.0
1,0.6,0.8999999999999999,0.3,3.0,0.5917721518987341,0.8876582278481012,1,2,1,111,1,3.0,1.0
0,0.6,0.6,0.0,3.0,0.5930599369085173,0.5930599369085173,1,2,1,111,1,2.0,0.0
0,0.6,0.0,-0.6,3.0,0.5962145110410095,0.0,0,2,2,111,1,0.0,-2.0
1,0.6896551724137931,2.0689655172413794,1.3793103448275863,3.0,0.669172932330827,2.007518796992481,0,1,2,111,0,3.0,2.0
1,0.6896551724137931,1.3793103448275863,0.6896551724137931,3.0,0.6666666666666666,1.3333333333333333,1,1,2,111,0,2.0,1.0
1,0.6896551724137931,2.7586206896551726,2.0689655172413794,3.0,0.6546762589928058,2.618705035971223,1,1,1,111,0,4.0,3.0
0,0.6,0.0,-0.6,3.0,0.5993690851735015,0.0,1,2,2,111,1,0.0,-2.0
1,0.6,1.2,0.6,3.0,0.5987460815047022,1.1974921630094044,0,2,1,111,1,4.0,2.0
0,0.6,0.3,-0.3,3.0,0.6009389671361502,0.3004694835680751,1,2,1,111,1,1.0,-1.0
1,0.6,0.6,0.0,3.0,0.6021840873634946,0.6021840873634946,0,2,1,111,1,2.0,0.0
1,0.6,1.2,0.6,3.0,0.6015503875968992,1.2031007751937983,1,2,2,111,1,4.0,2.0
0,0.6896551724137931,0.0,-0.6896551724137931,3.0,0.6618705035971223,0.0,1,1,1,111,0,0.0,-1.0
1,0.6,0.6,0.0,3.0,0.6027820710973725,0.6027820710973725,0,2,1,111,1,2.0,0.0
1,0.6,3.5999999999999996,3.0,3.0,0.5948406676783005,3.5690440060698028,1,2,1,111,1,12.0,10.0
1,0.6,0.8999999999999999,0.3,3.0,0.595166163141994,0.8927492447129909,1,2,1,111,1,3.0,1.0
1,0.6,1.2,0.6,3.0,0.5945945945945946,1.1891891891891893,1,2,1,111,1,4.0,2.0
0,0.6896551724137931,0.0,-0.6896551724137931,3.0,0.6690647482014388,0.0,1,1,2,111,0,0.0,-1.0
1,0.6,2.1,1.5,3.0,0.5913818722139673,2.069836552748886,0,2,2,111,1,7.0,5.0
0,0.6,0.3,-0.3,3.0,0.5934718100890207,0.29673590504451036,1,2,2,111,1,1.0,-1.0
1,0.6896551724137931,0.6896551724137931,0.0,3.0,0.6714285714285715,0.6714285714285715,0,1,2,111,0,1.0,0.0
0,0.6896551724137931,0.0,-0.6896551724137931,3.0,0.6785714285714286,0.0,1,1,2,111,0,0.0,-1.0
1,0.6,0.6,0.0,3.0,0.5946745562130178,0.5946745562130178,0,2,2,111,1,2.0,0.0
0,0.6,0.0,-0.6,3.0,0.5976331360946746,0.0,1,2,2,111,1,0.0,-2.0
1,0.6,0.6,0.0,3.0,0.5988200589970502,0.5988200589970502,0,2,2,111,1,2.0,0.0
0,0.6,0.0,-0.6,3.0,0.6017699115044247,0.0,1,2,1,111,1,0.0,-2.0
1,0.6,0.8999999999999999,0.3,3.0,0.6020558002936858,0.9030837004405287,0,2,2,111,1,3.0,1.0
1,0.6,2.4,1.7999999999999998,3.0,0.5979680696661829,2.3918722786647315,1,2,2,111,1,8.0,6.0
0,0.6,0.6,0.0,3.0,0.5991316931982633,0.5991316931982633,1,2,2,111,1,2.0,0.0
0,0.6,0.0,-0.6,3.0,0.6020260492040521,0.0,0,2,2,111,1,0.0,-2.0
1,0.6896551724137931,0.6896551724137931,0.0,3.0,0.6808510638297872,0.6808510638297872,0,1,1,111,0,1.0,0.0
1,0.6896551724137931,0.0,-0.6896551724137931,3.0,0.6879432624113475,0.0,1,1,2,111,0,0.0,-1.0
1,0.6,2.1,1.5,3.0,0.5988538681948424,2.0959885386819486,1,2,1,111,1,7.0,5.0
0,0.6896551724137931,0.0,-0.6896551724137931,3.0,0.6950354609929078,0.0,1,1,1,111,0,0.0,-1.0
1,0.6896551724137931,2.7586206896551726,2.0689655172413794,3.0,0.6827586206896551,2.7310344827586204,0,1,2,111,0,4.0,3.0
0,0.6,0.6,0.0,3.0,0.6,0.6,1,2,2,111,1,2.0,0.0
0,0.6896551724137931,0.0,-0.6896551724137931,3.0,0.6896551724137931,0.0,0,1,2,111,0,0.0,-1.0
