Choice,DV_Norm_Ref_Amount,DV_Norm_Value,DV_WR_Norm_Value,Day,MC_Norm_Ref_Amount,MC_Norm_Value,Prev_choice,Ref_Amount,Ref_Pos,Subj,Trial_type,Value,WTP_Ref
0,0.9375,0.9375,0.0,1.0,0.8571428571428571,0.8571428571428571,100,3,2,101,1,3.0,0.0
1,0.9375,0.9375,0.0,1.0,0.8999999999999999,0.8999999999999999,0,3,2,101,1,3.0,0.0
0,0.9375,1.5625,0.625,1.0,0.8,1.3333333333333333,1,3,1,101,1,5.0,2.0
1,0.9090909090909091,1.8181818181818181,0.9090909090909091,1.0,0.5,1.0,0,2,2,101,0,4.0,2.0
1,0.9375,0.9375,0.0,1.0,0.8333333333333333,0.8333333333333333,1,3,2,101,1,3.0,0.0
0,0.9375,0.3125,-0.625,1.0,0.9473684210526316,0.31578947368421056,1,3,1,101,1,1.0,-2.0
0,0.9090909090909091,0.45454545454545453,-0.45454545454545453,1.0,0.8,0.4,0,2,1,101,0,1.0,-1.0
1,0.9375,0.0,-0.9375,1.0,1.1052631578947367,0.0,0,3,1,101,1,0.0,-3.0
1,0.9090909090909091,1.3636363636363635,0.45454545454545453,1.0,0.75,1.125,1,2,1,101,0,3.0,1.0
0,0.9090909090909091,0.9090909090909091,0.0,1.0,0.8,0.8,1,2,2,101,0,2.0,0.0
0,0.9375,0.625,-0.3125,1.0,1.1428571428571428,0.7619047619047619,0,3,2,101,1,2.0,-1.0
0,0.9090909090909091,0.9090909090909091,0.0,1.0,0.8333333333333334,0.8333333333333334,0,2,2,101,0,2.0,0.0
0,0.9375,0.625,-0.3125,1.0,1.173913043478261,0.782608695652174,0,3,2,101,1,2.0,-1.0
1,0.9090909090909091,0.9090909090909091,0.0,1.0,0.8571428571428571,0.8571428571428571,0,2,2,101,0,2.0,0.0
1,0.9375,0.9375,0.0,1.0,1.1538461538461537,1.1538461538461537,1,3,1,101,1,3.0,0.0
0,0.9375,0.9375,0.0,1.0,1.1379310344827587,1.1379310344827587,1,3,2,101,1,3.0,0.0
1,0.9375,1.25,0.3125,1.0,1.0909090909090908,1.4545454545454546,0,3,2,101,1,4.0,1.0
0,0.9375,0.3125,-0.625,1.0,1.1470588235294117,0.38235294117647056,1,3,1,101,1,1.0,-2.0
0,0.9090909090909091,0.45454545454545453,-0.45454545454545453,1.0,0.9333333333333333,0.4666666666666667,0,2,2,101,0,1.0,-1.0
1,0.9375,1.5625,0.625,1.0,1.0769230769230769,1.794871794871795,0,3,2,101,1,5.0,2.0
0,0.9375,0.3125,-0.625,1.0,1.125,0.375,1,3,2,101,1,1.0,-2.0
0,0.9375,0.9375,0.0,1.0,1.1162790697674418,1.1162790697674418,0,3,2,101,1,3.0,0.0
0,0.9090909090909091,0.9090909090909091,0.0,1.0,0.9411764705882353,0.9411764705882353,0,2,2,101,0,2.0,0.0
1,0.9375,2.8125,1.875,1.0,0.9807692307692308,2.9423076923076925,0,3,1,101,1,9.0,6.0
1,0.9090909090909091,0.9090909090909091,0.0,1.0,0.9473684210526315,0.9473684210526315,1,2,1,101,0,2.0,0.0
0,0.9375,0.9375,0.0,1.0,0.9818181818181819,0.9818181818181819,1,3,1,101,1,3.0,0.0
1,0.9375,1.5625,0.625,1.0,0.95,1.5833333333333333,0,3,1,101,1,5.0,2.0
1,0.9375,0.9375,0.0,1.0,0.9523809523809524,0.9523809523809524,1,3,2,101,1,3.0,0.0
0,0.9375,0.3125,-0.625,1.0,0.984375,0.328125,1,3,1,101,1,1.0,-2.0
1,0.9375,1.5625,0.625,1.0,0.9565217391304348,1.5942028985507246,0,3,1,101,1,5.0,2.0
1,0.9375,1.25,0.3125,1.0,0.9452054794520548,1.2602739726027399,1,3,1,101,1,4.0,1.0
0,0.9090909090909091,0.9090909090909091,0.0,1.0,0.9523809523809523,0.9523809523809523,1,2,1,101,0,2.0,0.0
1,0.9090909090909091,1.3636363636363635,0.45454545454545453,1.0,0.9166666666666667,1.375,0,2,1,101,0,3.0,1.0
0,0.9375,0.625,-0.3125,1.0,0.96,0.64,1,3,1,101,1,2.0,-1.0
1,0.9375,1.25,0.3125,1.0,0.9493670886075949,1.2658227848101264,0,3,2,101,1,4.0,1.0
0,0.9375,0.625,-0.3125,1.0,0.9629629629629629,0.6419753086419753,1,3,1,101,1,2.0,-1.0
0,0.9375,0.9375,0.0,1.0,0.9642857142857143,0.9642857142857143,0,3,1,101,1,3.0,0.0
0,0.9090909090909091,0.45454545454545453,-0.45454545454545453,1.0,0.96,0.48,0,2,2,101,0,1.0,-1.0
0,0.9090909090909091,0.9090909090909091,0.0,1.0,0.9629629629629629,0.9629629629629629,0,2,2,101,0,2.0,0.0
1,0.9375,0.9375,0.0,1.0,0.9655172413793103,0.9655172413793103,0,3,1,101,1,3.0,0.0
1,0.9090909090909091,1.8181818181818181,0.9090909090909091,1.0,0.9032258064516129,1.8064516129032258,1,2,1,101,0,4.0,2.0
1,0.9375,0.625,-0.3125,1.0,0.9775280898876404,0.6516853932584269,1,3,1,101,1,2.0,-1.0
1,0.9375,0.9375,0.0,1.0,0.9782608695652173,0.9782608695652173,1,3,1,101,1,3.0,0.0
0,0.9375,0.625,-0.3125,1.0,0.9893617021276596,0.6595744680851063,1,3,2,101,1,2.0,-1.0
1,0.9090909090909091,1.3636363636363635,0.45454545454545453,1.0,0.8823529411764706,1.3235294117647058,0,2,1,101,0,3.0,1.0
0,0.9375,0.3125,-0.625,1.0,1.0105263157894737,0.3368421052631579,1,3,2,101,1,1.0,-2.0
1,0.9375,1.5625,0.625,1.0,0.99,1.65,0,3,2,101,1,5.0,2.0
1,0.9090909090909091,1.3636363636363635,0.45454545454545453,1.0,0.8648648648648649,1.2972972972972974,1,2,1,101,0,3.0,1.0
0,0.9090909090909091,0.9090909090909091,0.0,1.0,0.8717948717948718,0.8717948717948718,1,2,1,101,0,2.0,0.0
0,0.9090909090909091,0.9090909090909091,0.0,1.0,0.8780487804878049,0.8780487804878049,0,2,1,101,0,2.0,0.0
1,0.9375,1.25,0.3125,1.0,0.9807692307692308,1.3076923076923077,0,3,1,101,1,4.0,1.0
1,0.9375,1.5625,0.625,1.0,0.963302752293578,1.6055045871559632,1,3,1,101,1,5.0,2.0
1,0.9375,1.25,0.3125,1.0,0.9557522123893806,1.2743362831858407,1,3,2,101,1,4.0,1.0
0,0.9090909090909091,0.45454545454545453,-0.45454545454545453,1.0,0.9047619047619047,0.45238095238095233,1,2,1,101,0,1.0,-1.0
0,0.9375,0.0,-0.9375,1.0,0.9823008849557523,0.0,0,3,1,101,1,0.0,-3.0
0,0.9090909090909091,0.9090909090909091,0.0,1.0,0.9090909090909091,0.9090909090909091,0,2,2,101,0,2.0,0.0
1,0.9375,0.9375,0.0,1.0,0.9827586206896551,0.9827586206896551,0,3,1,101,1,3.0,0.0
0,0.9375,0.625,-0.3125,1.0,0.9915254237288136,0.6610169491525424,1,3,2,101,1,2.0,-1.0
1,0.9375,0.9375,0.0,1.0,0.9917355371900827,0.9917355371900827,0,3,2,101,1,3.0,0.0
0,0.9375,0.9375,0.0,1.0,0.9919354838709677,0.9919354838709677,1,3,1,101,1,3.0,0.0
1,0.9375,1.25,0.3125,1.0,0.984375,1.3125,0,3,2,101,1,4.0,1.0
1,0.9375,1.5625,0.625,1.0,0.9699248120300752,1.6165413533834585,100,3,2,101,1,5.0,2.0
0,0.9090909090909091,0.45454545454545453,-0.45454545454545453,1.0,0.9333333333333333,0.4666666666666667,1,2,2,101,0,1.0,-1.0
0,0.9375,0.9375,0.0,1.0,0.9705882352941176,0.9705882352941176,0,3,2,101,1,3.0,0.0
1,0.9375,1.25,0.3125,1.0,0.9642857142857143,1.2857142857142856,0,3,2,101,1,4.0,1.0
0,0.9375,0.3125,-0.625,1.0,0.9787234042553192,0.3262411347517731,1,3,2,101,1,1.0,-2.0
1,0.9375,1.25,0.3125,1.0,0.9724137931034482,1.296551724137931,0,3,1,101,1,4.0,1.0
1,0.9375,0.9375,0.0,1.0,0.9729729729729729,0.9729729729729729,1,3,1,101,1,3.0,0.0
1,0.9375,1.5625,0.625,1.0,0.9607843137254901,1.6013071895424835,1,3,2,101,1,5.0,2.0
0,0.9375,0.9375,0.0,1.0,0.9615384615384615,0.9615384615384615,1,3,1,101,1,3.0,0.0
1,0.9090909090909091,1.3636363636363635,0.45454545454545453,1.0,0.9166666666666667,1.375,0,2,1,101,0,3.0,1.0
1,0.9375,0.9375,0.0,1.0,0.9622641509433962,0.9622641509433962,1,3,1,101,1,3.0,0.0
0,0.9375,0.625,-0.3125,1.0,0.9689440993788819,0.6459627329192547,1,3,1,101,1,2.0,-1.0
0,0.9375,0.625,-0.3125,1.0,0.9754601226993865,0.6503067484662577,0,3,2,101,1,2.0,-1.0
0,0.9090909090909091,0.9090909090909091,0.0,1.0,0.92,0.92,0,2,2,101,0,2.0,0.0
1,0.9375,0.9375,0.0,1.0,0.9759036144578314,0.9759036144578314,0,3,1,101,1,3.0,0.0
0,0.9090909090909091,0.9090909090909091,0.0,1.0,0.9230769230769231,0.9230769230769231,1,2,1,101,0,2.0,0.0
1,0.9375,1.25,0.3125,1.0,0.9705882352941176,1.2941176470588236,0,3,2,101,1,4.0,1.0
0,0.9090909090909091,0.9090909090909091,0.0,1.0,0.9259259259259258,0.9259259259259258,1,2,1,101,0,2.0,0.0
1,0.9375,1.25,0.3125,1.0,0.9655172413793103,1.2873563218390804,0,3,2,101,1,4.0,1.0
0,0.9090909090909091,0.9090909090909091,0.0,1.0,0.9285714285714286,0.9285714285714286,1,2,2,101,0,2.0,0.0
0,0.9375,0.625,-0.3125,1.0,0.9715909090909092,0.6477272727272728,0,3,1,101,1,2.0,-1.0
0,0.9375,0.625,-0.3125,1.0,0.9775280898876404,0.6516853932584269,0,3,1,101,1,2.0,-1.0
1,0.9090909090909091,0.9090909090909091,0.0,1.0,0.9310344827586206,0.9310344827586206,0,2,1,101,0,2.0,0.0
1,0.9375,1.5625,0.625,1.0,0.9672131147540983,1.6120218579234973,1,3,2,101,1,5.0,2.0
1,0.9090909090909091,1.3636363636363635,0.45454545454545453,1.0,0.918032786885246,1.377049180327869,1,2,1,101,0,3.0,1.0
1,0.9375,1.5625,0.625,1.0,0.9574468085106383,1.5957446808510638,1,3,1,101,1,5.0,2.0
1,0.9375,0.9375,0.0,1.0,0.9581151832460733,0.9581151832460733,1,3,1,101,1,3.0,0.0
1,0.9375,1.25,0.3125,1.0,0.9538461538461539,1.271794871794872,1,3,1,101,1,4.0,1.0
0,0.9090909090909091,0.45454545454545453,-0.45454545454545453,1.0,0.935483870967742,0.467741935483871,1,2,1,101,0,1.0,-1.0
1,0.9375,0.9375,0.0,1.0,0.9545454545454546,0.9545454545454546,0,3,1,101,1,3.0,0.0
0,0.9090909090909091,0.45454545454545453,-0.45454545454545453,1.0,0.9523809523809523,0.47619047619047616,1,2,2,101,0,1.0,-1.0
0,0.9090909090909091,0.9090909090909091,0.0,1.0,0.9538461538461539,0.9538461538461539,0,2,2,101,0,2.0,0.0
1,0.9375,1.25,0.3125,1.0,0.9504950495049505,1.2673267326732673,0,3,1,101,1,4.0,1.0
1,0.9375,0.9375,0.0,1.0,0.951219512195122,0.951219512195122,1,3,2,101,1,3.0,0.0
1,0.9375,0.9375,0.0,1.0,0.951923076923077,0.951923076923077,1,3,1,101,1,3.0,0.0
1,0.9090909090909091,0.9090909090909091,0.0,1.0,0.9552238805970149,0.9552238805970149,1,2,1,101,0,2.0,0.0
0,0.9375,0.3125,-0.625,1.0,0.9617224880382775,0.32057416267942584,1,3,2,101,1,1.0,-2.0
1,0.9375,0.9375,0.0,1.0,0.9622641509433962,0.9622641509433962,0,3,2,101,1,3.0,0.0
1,0.9375,1.5625,0.625,1.0,0.9539170506912442,1.5898617511520736,1,3,1,101,1,5.0,2.0
0,0.9375,0.3125,-0.625,1.0,0.963302752293578,0.3211009174311927,1,3,2,101,1,1.0,-2.0
0,0.9090909090909091,0.9090909090909091,0.0,1.0,0.9565217391304348,0.9565217391304348,0,2,1,101,0,2.0,0.0
1,0.9090909090909091,1.8181818181818181,0.9090909090909091,1.0,0.9315068493150686,1.863013698630137,0,2,2,101,0,4.0,2.0
1,0.9375,2.8125,1.875,1.0,0.9383259911894273,2.814977973568282,1,3,2,101,1,9.0,6.0
1,0.9090909090909091,1.3636363636363635,0.45454545454545453,1.0,0.9210526315789475,1.3815789473684212,1,2,2,101,0,3.0,1.0
1,0.9375,0.9375,0.0,1.0,0.9391304347826086,0.9391304347826086,1,3,2,101,1,3.0,0.0
1,0.9375,1.5625,0.625,1.0,0.9319148936170213,1.553191489361702,1,3,2,101,1,5.0,2.0
1,0.9090909090909091,1.3636363636363635,0.45454545454545453,1.0,0.9113924050632911,1.3670886075949367,1,2,1,101,0,3.0,1.0
1,0.9375,0.9375,0.0,1.0,0.9327731092436975,0.9327731092436975,1,3,1,101,1,3.0,0.0
0,0.9375,0.9375,0.0,1.0,0.9336099585062241,0.9336099585062241,1,3,2,101,1,3.0,0.0
1,0.9090909090909091,1.8181818181818181,0.9090909090909091,1.0,0.891566265060241,1.783132530120482,0,2,1,101,0,4.0,2.0
1,0.9375,1.25,0.3125,1.0,0.9306122448979591,1.2408163265306122,1,3,1,101,1,4.0,1.0
0,0.9375,0.3125,-0.625,1.0,0.9390243902439025,0.3130081300813008,1,3,2,101,1,1.0,-2.0
0,0.9375,0.625,-0.3125,1.0,0.9435483870967742,0.6290322580645161,0,3,2,101,1,2.0,-1.0
0,0.9375,0.625,-0.3125,1.0,0.948,0.632,0,3,2,101,1,2.0,-1.0
1,0.9375,1.5625,0.625,1.0,0.9411764705882353,1.5686274509803921,0,3,1,101,1,5.0,2.0
0,0.9375,0.9375,0.0,1.0,0.9418604651162791,0.9418604651162791,1,3,1,101,1,3.0,0.0
0,0.9090909090909091,0.9090909090909091,0.0,1.0,0.8941176470588235,0.8941176470588235,0,2,1,101,0,2.0,0.0
0,0.9090909090909091,0.45454545454545453,-0.45454545454545453,1.0,0.9069767441860465,0.45348837209302323,0,2,2,101,0,1.0,-1.0
0,0.9090909090909091,0.9090909090909091,0.0,1.0,0.9090909090909091,0.9090909090909091,0,2,1,101,0,2.0,0.0
0,0.9375,0.3125,-0.625,1.0,0.9498069498069498,0.3166023166023166,0,3,2,101,1,1.0,-2.0
1,0.9375,0.9375,0.0,1.0,0.950381679389313,0.950381679389313,0,3,2,101,1,3.0,0.0
1,0.9375,1.25,0.3125,1.0,0.9473684210526316,1.2631578947368423,1,3,1,101,1,4.0,1.0
0,0.9090909090909091,0.9090909090909091,0.0,1.0,0.9111111111111111,0.9111111111111111,100,2,1,101,0,2.0,0.0
0,0.9090909090909091,0.45454545454545453,-0.45454545454545453,1.0,0.9230769230769231,0.46153846153846156,0,2,2,101,0,1.0,-1.0
1,0.9375,0.625,-0.3125,1.0,0.9514925373134329,0.6343283582089553,0,3,1,101,1,2.0,-1.0
1,0.9375,0.9375,0.0,1.0,0.952029520295203,0.952029520295203,1,3,2,101,1,3.0,0.0
1,0.9375,0.9375,0.0,1.0,0.9525547445255474,0.9525547445255474,1,3,2,101,1,3.0,0.0
0,0.9090909090909091,0.9090909090909091,0.0,1.0,0.924731182795699,0.924731182795699,1,2,1,101,0,2.0,0.0
0,0.9375,0.625,-0.3125,1.0,0.9565217391304348,0.6376811594202899,0,3,1,101,1,2.0,-1.0
1,0.9375,1.25,0.3125,1.0,0.9535714285714285,1.2714285714285714,0,3,1,101,1,4.0,1.0
0,0.9375,0.9375,0.0,1.0,0.9540636042402827,0.9540636042402827,1,3,2,101,1,3.0,0.0
1,0.9090909090909091,1.3636363636363635,0.45454545454545453,1.0,0.9166666666666667,1.375,0,2,2,101,0,3.0,1.0
1,0.9375,1.875,0.9375,1.0,0.9446366782006921,1.8892733564013842,1,3,1,101,1,6.0,3.0
1,0.9375,2.5,1.5625,1.0,0.9292929292929293,2.4781144781144784,1,3,2,101,1,8.0,5.0
1,0.9090909090909091,1.3636363636363635,0.45454545454545453,1.0,0.9090909090909091,1.3636363636363635,1,2,2,101,0,3.0,1.0
0,0.9375,0.0,-0.9375,1.0,0.9393939393939394,0.0,1,3,1,101,1,0.0,-3.0
1,0.9090909090909091,0.9090909090909091,0.0,1.0,0.9108910891089109,0.9108910891089109,0,2,2,101,0,2.0,0.0
0,0.9090909090909091,0.9090909090909091,0.0,1.0,0.912621359223301,0.912621359223301,1,2,1,101,0,2.0,0.0
0,0.9375,1.25,0.3125,1.0,0.9368770764119602,1.249169435215947,0,3,2,101,1,4.0,1.0
0,0.9375,0.3125,-0.625,1.0,0.9437086092715231,0.31456953642384106,0,3,1,101,1,1.0,-2.0
0,0.9090909090909091,0.9090909090909091,0.0,1.0,0.9142857142857143,0.9142857142857143,0,2,1,101,0,2.0,0.0
1,0.9375,0.625,-0.3125,1.0,0.9473684210526316,0.6315789473684211,0,3,1,101,1,2.0,-1.0
1,0.9375,1.25,0.3125,1.0,0.9448051948051949,1.2597402597402598,1,3,1,101,1,4.0,1.0
1,0.9375,1.25,0.3125,1.0,0.9423076923076923,1.2564102564102564,1,3,2,101,1,4.0,1.0
0,0.9090909090909091,0.45454545454545453,-0.45454545454545453,1.0,0.9245283018867924,0.4622641509433962,1,2,1,101,0,1.0,-1.0
0,0.9375,0.625,-0.3125,1.0,0.945859872611465,0.6305732484076433,0,3,2,101,1,2.0,-1.0
0,0.9090909090909091,0.45454545454545453,-0.45454545454545453,1.0,0.9345794392523364,0.4672897196261682,0,2,1,101,0,1.0,-1.0
0,0.9375,0.3125,-0.625,1.0,0.9523809523809524,0.31746031746031744,0,3,1,101,1,1.0,-2.0
1,0.9090909090909091,1.8181818181818181,0.9090909090909091,1.0,0.918918918918919,1.837837837837838,0,2,1,101,0,4.0,2.0
1,0.9375,1.5625,0.625,1.0,0.9468749999999999,1.578125,1,3,2,101,1,5.0,2.0
1,0.9375,1.25,0.3125,1.0,0.9444444444444445,1.2592592592592593,1,3,1,101,1,4.0,1.0
1,0.9375,0.9375,0.0,1.0,0.944954128440367,0.944954128440367,1,3,1,101,1,3.0,0.0
0,0.9090909090909091,0.9090909090909091,0.0,1.0,0.920353982300885,0.920353982300885,1,2,1,101,0,2.0,0.0
1,0.9375,1.875,0.9375,1.0,0.9369369369369369,1.8738738738738738,0,3,2,101,1,6.0,3.0
1,0.9375,2.1875,1.25,1.0,0.9264705882352942,2.161764705882353,1,3,1,101,1,7.0,4.0
1,0.9375,1.5625,0.625,1.0,0.9217391304347826,1.5362318840579712,1,3,2,101,1,5.0,2.0
0,0.9375,0.3125,-0.625,1.0,0.9277456647398844,0.3092485549132948,1,3,1,101,1,1.0,-2.0
1,0.9090909090909091,1.8181818181818181,0.9090909090909091,1.0,0.9059829059829059,1.8119658119658117,0,2,2,101,0,4.0,2.0
1,0.9375,1.25,0.3125,1.0,0.9257142857142857,1.2342857142857142,1,3,1,101,1,4.0,1.0
1,0.9375,0.625,-0.3125,1.0,0.9289772727272727,0.6193181818181818,1,3,2,101,1,2.0,-1.0
1,0.9375,0.9375,0.0,1.0,0.9295774647887325,0.9295774647887325,1,3,1,101,1,3.0,0.0
1,0.9375,1.5625,0.625,1.0,0.9249999999999999,1.5416666666666665,1,3,1,101,1,5.0,2.0
1,0.9375,2.8125,1.875,1.0,0.9105691056910569,2.7317073170731705,1,3,1,101,1,9.0,6.0
0,0.9375,0.625,-0.3125,1.0,0.9137466307277629,0.6091644204851752,1,3,2,101,1,2.0,-1.0
1,0.9090909090909091,0.9090909090909091,0.0,1.0,0.907563025210084,0.907563025210084,0,2,2,101,0,2.0,0.0
0,0.9375,0.3125,-0.625,1.0,0.9193548387096775,0.3064516129032258,1,3,2,101,1,1.0,-2.0
0,0.9090909090909091,0.9090909090909091,0.0,1.0,0.9090909090909091,0.9090909090909091,0,2,1,101,0,2.0,0.0
0,0.9375,0.9375,0.0,1.0,0.92,0.92,0,3,2,101,1,3.0,0.0
0,0.9375,0.625,-0.3125,1.0,0.9230769230769231,0.6153846153846154,0,3,2,101,1,2.0,-1.0
1,0.9375,0.9375,0.0,1.0,0.9236842105263158,0.9236842105263158,0,3,2,101,1,3.0,0.0
0,0.9375,0.9375,0.0,1.0,0.9242819843342037,0.9242819843342037,1,3,2,101,1,3.0,0.0
1,0.9090909090909091,1.3636363636363635,0.45454545454545453,1.0,0.9032258064516129,1.3548387096774193,0,2,2,101,0,3.0,1.0
1,0.9375,1.5625,0.625,1.0,0.9201030927835052,1.5335051546391754,1,3,1,101,1,5.0,2.0
1,0.9375,2.8125,1.875,1.0,0.9068010075566751,2.7204030226700255,1,3,2,101,1,9.0,6.0
0,0.9375,0.625,-0.3125,1.0,0.9097744360902256,0.606516290726817,1,3,1,101,1,2.0,-1.0
1,0.9375,1.875,0.9375,1.0,0.9037037037037037,1.8074074074074074,0,3,1,101,1,6.0,3.0
1,0.9375,1.5625,0.625,1.0,0.8999999999999999,1.5,1,3,2,101,1,5.0,2.0
0,0.9090909090909091,0.9090909090909091,0.0,1.0,0.9047619047619047,0.9047619047619047,1,2,1,101,0,2.0,0.0
0,0.9375,0.625,-0.3125,1.0,0.9029126213592232,0.6019417475728155,0,3,1,101,1,2.0,-1.0
1,0.9090909090909091,0.9090909090909091,0.0,1.0,0.90625,0.90625,0,2,2,101,0,2.0,0.0
1,0.9090909090909091,1.3636363636363635,0.45454545454545453,1.0,0.900763358778626,1.351145038167939,1,2,2,101,0,3.0,1.0
0,0.9090909090909091,0.45454545454545453,-0.45454545454545453,1.0,0.9090909090909091,0.45454545454545453,1,2,1,101,0,1.0,-1.0
0,0.9375,0.625,-0.3125,1.0,0.9057971014492754,0.6038647342995169,0,3,2,101,1,2.0,-1.0
0,0.9375,0.9375,0.0,1.0,0.9064748201438849,0.9064748201438849,0,3,1,101,1,3.0,0.0
1,0.9375,1.25,0.3125,1.0,0.9049881235154394,1.2066508313539193,100,3,1,101,1,4.0,1.0
0,0.9375,0.625,-0.3125,1.0,0.9078014184397163,0.6052009456264775,1,3,1,101,1,2.0,-1.0
1,0.9375,0.9375,0.0,1.0,0.9084507042253521,0.9084507042253521,0,3,2,101,1,3.0,0.0
1,0.9375,0.625,-0.3125,1.0,0.9112149532710281,0.6074766355140188,1,3,1,101,1,2.0,-1.0
0,0.9375,0.0,-0.9375,1.0,0.9182242990654206,0.0,1,3,2,101,1,0.0,-3.0
1,0.9375,0.9375,0.0,1.0,0.9187935034802784,0.9187935034802784,0,3,1,101,1,3.0,0.0
1,0.9090909090909091,1.3636363636363635,0.45454545454545453,1.0,0.9037037037037037,1.3555555555555556,1,2,2,101,0,3.0,1.0
1,0.9375,1.25,0.3125,1.0,0.9172413793103448,1.2229885057471264,1,3,1,101,1,4.0,1.0
1,0.9090909090909091,1.3636363636363635,0.45454545454545453,1.0,0.8985507246376813,1.347826086956522,1,2,2,101,0,3.0,1.0
1,0.9090909090909091,0.9090909090909091,0.0,1.0,0.8999999999999999,0.8999999999999999,1,2,2,101,0,2.0,0.0
1,0.9090909090909091,1.8181818181818181,0.9090909090909091,1.0,0.8888888888888888,1.7777777777777777,1,2,1,101,0,4.0,2.0
0,0.9375,0.3125,-0.625,1.0,0.9220183486238532,0.3073394495412844,1,3,1,101,1,1.0,-2.0
0,0.9090909090909091,0.45454545454545453,-0.45454545454545453,1.0,0.896551724137931,0.4482758620689655,0,2,2,101,0,1.0,-1.0
0,0.9090909090909091,0.9090909090909091,0.0,1.0,0.8979591836734695,0.8979591836734695,0,2,2,101,0,2.0,0.0
1,0.9375,0.625,-0.3125,1.0,0.9246575342465754,0.6164383561643836,0,3,1,101,1,2.0,-1.0
1,0.9375,0.625,-0.3125,1.0,0.9272727272727272,0.6181818181818182,1,3,2,101,1,2.0,-1.0
1,0.9090909090909091,1.8181818181818181,0.9090909090909091,1.0,0.8874172185430463,1.7748344370860927,1,2,1,101,0,4.0,2.0
1,0.9375,0.9375,0.0,1.0,0.927765237020316,0.927765237020316,1,3,2,101,1,3.0,0.0
0,0.9375,0.625,-0.3125,1.0,0.9303370786516854,0.6202247191011235,1,3,2,101,1,2.0,-1.0
1,0.9375,0.625,-0.3125,1.0,0.9328859060402684,0.6219239373601789,0,3,1,101,1,2.0,-1.0
0,0.9375,0.625,-0.3125,1.0,0.9354120267260578,0.623608017817372,1,3,2,101,1,2.0,-1.0
0,0.9375,0.625,-0.3125,1.0,0.9379157427937916,0.6252771618625278,0,3,2,101,1,2.0,-1.0
1,0.9375,1.25,0.3125,1.0,0.9362637362637363,1.2483516483516484,0,3,2,101,1,4.0,1.0
1,0.9375,0.3125,-0.625,1.0,0.9407894736842105,0.3135964912280702,1,3,2,101,1,1.0,-2.0
1,0.9375,0.625,-0.3125,1.0,0.943231441048035,0.62882096069869,1,3,2,101,1,2.0,-1.0
0,0.9375,0.0,-0.9375,1.0,0.9497816593886462,0.0,1,3,1,101,1,0.0,-3.0
0,0.9375,0.9375,0.0,1.0,0.9501084598698482,0.9501084598698482,0,3,1,101,1,3.0,0.0
0,0.9375,0.625,-0.3125,1.0,0.9524838012958963,0.6349892008639308,0,3,1,101,1,2.0,-1.0
1,0.9375,1.25,0.3125,1.0,0.9507494646680943,1.2676659528907923,0,3,2,101,1,4.0,1.0
1,0.9375,1.5625,0.625,1.0,0.9470338983050848,1.5783898305084747,1,3,2,101,1,5.0,2.0
1,0.9375,1.5625,0.625,1.0,0.9433962264150942,1.572327044025157,1,3,2,101,1,5.0,2.0
1,0.9090909090909091,0.9090909090909091,0.0,1.0,0.8888888888888888,0.8888888888888888,1,2,1,101,0,2.0,0.0
0,0.9090909090909091,0.9090909090909091,0.0,1.0,0.8903225806451612,0.8903225806451612,1,2,2,101,0,2.0,0.0
1,0.9375,0.9375,0.0,1.0,0.9437500000000001,0.9437500000000001,0,3,1,101,1,3.0,0.0
0,0.9375,0.625,-0.3125,1.0,0.946058091286307,0.6307053941908713,1,3,1,101,1,2.0,-1.0
0,0.9375,0.625,-0.3125,1.0,0.9483471074380165,0.6322314049586777,0,3,1,101,1,2.0,-1.0
1,0.9090909090909091,0.9090909090909091,0.0,1.0,0.89171974522293,0.89171974522293,0,2,2,101,0,2.0,0.0
0,0.9090909090909091,0.45454545454545453,-0.45454545454545453,1.0,0.8987341772151898,0.4493670886075949,1,2,1,101,0,1.0,-1.0
1,0.9090909090909091,1.3636363636363635,0.45454545454545453,1.0,0.8944099378881988,1.341614906832298,0,2,1,101,0,3.0,1.0
0,0.9090909090909091,0.9090909090909091,0.0,1.0,0.8957055214723926,0.8957055214723926,1,2,1,101,0,2.0,0.0
1,0.9375,0.625,-0.3125,1.0,0.9506172839506173,0.6337448559670782,0,3,1,101,1,2.0,-1.0
0,0.9375,0.9375,0.0,1.0,0.9509202453987731,0.9509202453987731,1,3,1,101,1,3.0,0.0
0,0.9090909090909091,0.9090909090909091,0.0,1.0,0.896969696969697,0.896969696969697,0,2,2,101,0,2.0,0.0
1,0.9375,0.9375,0.0,1.0,0.951219512195122,0.951219512195122,0,3,2,101,1,3.0,0.0
1,0.9375,0.625,-0.3125,1.0,0.9534412955465587,0.6356275303643725,1,3,2,101,1,2.0,-1.0
0,0.9375,0.0,-0.9375,1.0,0.9595141700404859,0.0,1,3,2,101,1,0.0,-3.0
1,0.9090909090909091,1.3636363636363635,0.45454545454545453,1.0,0.8928571428571428,1.3392857142857142,0,2,2,101,0,3.0,1.0
1,0.9375,1.5625,0.625,1.0,0.9559118236472945,1.593186372745491,1,3,2,101,1,5.0,2.0
0,0.9090909090909091,0.9090909090909091,0.0,1.0,0.8941176470588235,0.8941176470588235,1,2,2,101,0,2.0,0.0
1,0.9375,1.25,0.3125,1.0,0.9542743538767396,1.2723658051689861,0,3,2,101,1,4.0,1.0
1,0.9375,1.25,0.3125,1.0,0.9526627218934912,1.2702169625246549,1,3,1,101,1,4.0,1.0
1,0.9375,0.9375,0.0,1.0,0.9529411764705882,0.9529411764705882,1,3,2,101,1,3.0,0.0
0,0.9090909090909091,0.9090909090909091,0.0,1.0,0.8953488372093024,0.8953488372093024,1,2,2,101,0,2.0,0.0
1,0.9375,1.5625,0.625,1.0,0.9495145631067962,1.5825242718446602,0,3,2,101,1,5.0,2.0
1,0.9090909090909091,0.9090909090909091,0.0,1.0,0.896551724137931,0.896551724137931,1,2,2,101,0,2.0,0.0
1,0.9375,1.875,0.9375,1.0,0.944337811900192,1.888675623800384,1,3,1,101,1,6.0,3.0
0,0.9375,1.25,0.3125,1.0,0.942857142857143,1.2571428571428571,1,3,2,101,1,4.0,1.0
0,0.9090909090909091,0.45454545454545453,-0.45454545454545453,1.0,0.9028571428571429,0.45142857142857146,0,2,1,101,0,1.0,-1.0
0,0.9375,0.9375,0.0,1.0,0.9431818181818181,0.9431818181818181,0,3,1,101,1,3.0,0.0
0,0.9090909090909091,0.45454545454545453,-0.45454545454545453,1.0,0.9090909090909091,0.45454545454545453,0,2,2,101,0,1.0,-1.0
1,0.9375,1.875,0.9375,1.0,0.9382022471910112,1.8764044943820224,0,3,2,101,1,6.0,3.0
1,0.9375,0.625,-0.3125,1.0,0.9402985074626865,0.626865671641791,1,3,2,101,1,2.0,-1.0
1,0.9090909090909091,0.9090909090909091,0.0,1.0,0.9101123595505618,0.9101123595505618,100,2,2,101,0,2.0,0.0
0,0.9375,0.625,-0.3125,1.0,0.9423791821561339,0.6282527881040892,1,3,2,101,1,2.0,-1.0
1,0.9375,2.8125,1.875,1.0,0.9323583180987203,2.7970749542961606,0,3,2,101,1,9.0,6.0
0,0.9090909090909091,0.45454545454545453,-0.45454545454545453,1.0,0.9162011173184357,0.45810055865921784,1,2,2,101,0,1.0,-1.0
1,0.9090909090909091,1.3636363636363635,0.45454545454545453,1.0,0.9120879120879121,1.368131868131868,0,2,2,101,0,3.0,1.0
0,0.9090909090909091,0.9090909090909091,0.0,1.0,0.9130434782608695,0.9130434782608695,1,2,2,101,0,2.0,0.0
0,0.9375,0.625,-0.3125,1.0,0.9344262295081966,0.6229508196721311,0,3,1,101,1,2.0,-1.0
1,0.9375,0.9375,0.0,1.0,0.9347826086956522,0.9347826086956522,0,3,1,101,1,3.0,0.0
1,0.9090909090909091,1.3636363636363635,0.45454545454545453,1.0,0.9090909090909091,1.3636363636363635,1,2,1,101,0,3.0,1.0
1,0.9375,1.25,0.3125,1.0,0.9334532374100719,1.2446043165467626,1,3,1,101,1,4.0,1.0
0,0.9090909090909091,0.9090909090909091,0.0,1.0,0.9100529100529101,0.9100529100529101,1,2,2,101,0,2.0,0.0
1,0.9090909090909091,0.9090909090909091,0.0,1.0,0.9109947643979058,0.9109947643979058,0,2,1,101,0,2.0,0.0
1,0.9375,0.9375,0.0,1.0,0.9338103756708408,0.9338103756708408,1,3,1,101,1,3.0,0.0
0,0.9375,0.9375,0.0,1.0,0.9341637010676157,0.9341637010676157,1,3,1,101,1,3.0,0.0
0,0.9375,0.625,-0.3125,1.0,0.9361702127659575,0.624113475177305,0,3,1,101,1,2.0,-1.0
0,0.9375,0.3125,-0.625,1.0,0.9398230088495576,0.31327433628318585,0,3,2,101,1,1.0,-2.0
0,0.9375,1.5625,0.625,1.0,0.9368421052631579,1.5614035087719298,0,3,1,101,1,5.0,2.0
0,0.9090909090909091,0.9090909090909091,0.0,1.0,0.9119170984455958,0.9119170984455958,0,2,2,101,0,2.0,0.0
1,0.9090909090909091,1.3636363636363635,0.45454545454545453,1.0,0.9081632653061225,1.3622448979591837,0,2,2,101,0,3.0,1.0
0,0.9375,0.625,-0.3125,1.0,0.9388111888111889,0.6258741258741258,1,3,2,101,1,2.0,-1.0
0,0.9375,0.3125,-0.625,1.0,0.9424083769633509,0.31413612565445026,0,3,1,101,1,1.0,-2.0
1,0.9375,1.25,0.3125,1.0,0.9410745233968804,1.2547660311958404,0,3,1,101,1,4.0,1.0
1,0.9375,1.25,0.3125,1.0,0.9397590361445782,1.253012048192771,1,3,1,101,1,4.0,1.0
1,0.9375,0.9375,0.0,1.0,0.940068493150685,0.940068493150685,1,3,1,101,1,3.0,0.0
0,0.9375,0.9375,0.0,1.0,0.940374787052811,0.940374787052811,1,3,2,101,1,3.0,0.0
1,0.9375,2.5,1.5625,1.0,0.9327731092436975,2.4873949579831933,0,3,1,101,1,8.0,5.0
1,0.9375,1.25,0.3125,1.0,0.9315525876460768,1.2420701168614359,1,3,2,101,1,4.0,1.0
1,0.9375,0.625,-0.3125,1.0,0.9334442595673877,0.6222961730449251,1,3,1,101,1,2.0,-1.0
0,0.9375,0.625,-0.3125,1.0,0.9353233830845771,0.6235489220563847,1,3,2,101,1,2.0,-1.0
1,0.9375,1.875,0.9375,1.0,0.9310344827586207,1.8620689655172413,0,3,2,101,1,6.0,3.0
1,0.9375,1.25,0.3125,1.0,0.9298531810766721,1.2398042414355628,1,3,2,101,1,4.0,1.0
1,0.9375,1.5625,0.625,1.0,0.9271844660194174,1.5453074433656957,1,3,2,101,1,5.0,2.0
1,0.9090909090909091,1.8181818181818181,0.9090909090909091,1.0,0.8999999999999999,1.7999999999999998,1,2,1,101,0,4.0,2.0
0,0.9090909090909091,0.45454545454545453,-0.45454545454545453,1.0,0.9054726368159204,0.4527363184079602,1,2,1,101,0,1.0,-1.0
1,0.9375,1.5625,0.625,1.0,0.9245585874799358,1.5409309791332264,0,3,1,101,1,5.0,2.0
1,0.9375,0.9375,0.0,1.0,0.9249201277955271,0.9249201277955271,1,3,2,101,1,3.0,0.0
0,0.9090909090909091,0.9090909090909091,0.0,1.0,0.9064039408866996,0.9064039408866996,1,2,2,101,0,2.0,0.0
1,0.9375,1.25,0.3125,1.0,0.9238095238095239,1.2317460317460318,0,3,1,101,1,4.0,1.0
0,0.9375,0.3125,-0.625,1.0,0.9270998415213946,0.3090332805071315,1,3,1,101,1,1.0,-2.0
0,0.9090909090909091,0.9090909090909091,0.0,1.0,0.9073170731707317,0.9073170731707317,0,2,1,101,0,2.0,0.0
1,0.9375,0.625,-0.3125,1.0,0.928909952606635,0.6192733017377566,0,3,1,101,1,2.0,-1.0
0,0.9375,0.625,-0.3125,1.0,0.9307086614173229,0.620472440944882,1,3,2,101,1,2.0,-1.0
0,0.9375,0.3125,-0.625,1.0,0.9339622641509434,0.3113207547169812,0,3,1,101,1,1.0,-2.0
1,0.9090909090909091,0.9090909090909091,0.0,1.0,0.9082125603864735,0.9082125603864735,0,2,1,101,0,2.0,0.0
0,0.9090909090909091,0.45454545454545453,-0.45454545454545453,1.0,0.9134615384615384,0.4567307692307692,1,2,1,101,0,1.0,-1.0
1,0.9375,0.9375,0.0,1.0,0.9342723004694836,0.9342723004694836,0,3,2,101,1,3.0,0.0
1,0.9375,0.9375,0.0,1.0,0.9345794392523364,0.9345794392523364,1,3,2,101,1,3.0,0.0
1,0.9375,0.9375,0.0,1.0,0.9348837209302325,0.9348837209302325,1,3,1,101,1,3.0,0.0
0,0.9090909090909091,0.9090909090909091,0.0,1.0,0.9142857142857143,0.9142857142857143,1,2,2,101,0,2.0,0.0
1,0.9375,0.625,-0.3125,1.0,0.936630602782071,0.624420401854714,0,3,1,101,1,2.0,-1.0
1,0.9375,0.9375,0.0,1.0,0.936923076923077,0.936923076923077,1,3,2,101,1,3.0,0.0
1,0.9375,0.3125,-0.625,1.0,0.9400921658986174,0.31336405529953915,1,3,2,101,1,1.0,-2.0
0,0.9375,0.3125,-0.625,1.0,0.9432515337423313,0.3144171779141104,1,3,2,101,1,1.0,-2.0
1,0.9090909090909091,1.3636363636363635,0.45454545454545453,1.0,0.9107981220657276,1.3661971830985915,0,2,1,101,0,3.0,1.0
0,0.9375,0.9375,0.0,1.0,0.9435114503816794,0.9435114503816794,1,3,2,101,1,3.0,0.0
1,0.9375,1.25,0.3125,1.0,0.9423368740515934,1.2564491654021244,0,3,1,101,1,4.0,1.0
0,0.9090909090909091,0.45454545454545453,-0.45454545454545453,1.0,0.9158878504672897,0.45794392523364486,1,2,1,101,0,1.0,-1.0
0,0.9090909090909091,0.9090909090909091,0.0,1.0,0.9166666666666667,0.9166666666666667,0,2,1,101,0,2.0,0.0
1,0.9375,1.25,0.3125,1.0,0.9411764705882353,1.2549019607843137,0,3,2,101,1,4.0,1.0
1,0.9375,0.9375,0.0,1.0,0.9414414414414415,0.9414414414414415,1,3,1,101,1,3.0,0.0
1,0.9090909090909091,1.8181818181818181,0.9090909090909091,1.0,0.9090909090909091,1.8181818181818181,1,2,1,101,0,4.0,2.0
1,0.9375,1.875,0.9375,1.0,0.9375,1.875,1,3,1,101,1,6.0,3.0
0,0.8097686375321337,0.8097686375321337,0.0,2.0,1.0,1.0,100,3,2,101,1,3.0,0.0
1,0.9756097560975611,0.9756097560975611,0.0,2.0,1.0,1.0,0,2,2,101,0,2.0,0.0
1,0.8097686375321337,1.0796915167095116,0.2699228791773779,2.0,0.8571428571428571,1.1428571428571428,1,3,2,101,1,4.0,1.0
1,0.9756097560975611,1.4634146341463417,0.48780487804878053,2.0,0.8,1.2,1,2,2,101,0,3.0,1.0
1,0.8097686375321337,2.159383033419023,1.3496143958868894,2.0,0.6,1.6,1,3,2,101,1,8.0,5.0
1,0.8097686375321337,1.3496143958868894,0.5398457583547558,2.0,0.6,1.0,1,3,1,101,1,5.0,2.0
1,0.8097686375321337,0.8097686375321337,0.0,2.0,0.6521739130434783,0.6521739130434783,1,3,1,101,1,3.0,0.0
0,0.8097686375321337,0.5398457583547558,-0.2699228791773779,2.0,0.72,0.48,1,3,1,101,1,2.0,-1.0
1,0.8097686375321337,2.159383033419023,1.3496143958868894,2.0,0.6363636363636364,1.696969696969697,0,3,2,101,1,8.0,5.0
0,0.8097686375321337,0.8097686375321337,0.0,2.0,0.6666666666666666,0.6666666666666666,1,3,1,101,1,3.0,0.0
0,0.9756097560975611,1.4634146341463417,0.48780487804878053,2.0,0.75,1.125,0,2,2,101,0,3.0,1.0
1,0.8097686375321337,1.0796915167095116,0.2699228791773779,2.0,0.6749999999999999,0.8999999999999999,0,3,1,101,1,4.0,1.0
1,0.8097686375321337,0.5398457583547558,-0.2699228791773779,2.0,0.7142857142857143,0.47619047619047616,1,3,2,101,1,2.0,-1.0
1,0.8097686375321337,0.8097686375321337,0.0,2.0,0.7333333333333334,0.7333333333333334,1,3,1,101,1,3.0,0.0
1,0.8097686375321337,1.3496143958868894,0.5398457583547558,2.0,0.72,1.2,1,3,1,101,1,5.0,2.0
1,0.8097686375321337,1.0796915167095116,0.2699228791773779,2.0,0.7222222222222222,0.9629629629629629,1,3,1,101,1,4.0,1.0
0,0.8097686375321337,0.5398457583547558,-0.2699228791773779,2.0,0.75,0.5,1,3,2,101,1,2.0,-1.0
0,0.9756097560975611,0.48780487804878053,-0.48780487804878053,2.0,0.8888888888888888,0.4444444444444444,0,2,1,101,0,1.0,-1.0
1,0.8097686375321337,1.0796915167095116,0.2699228791773779,2.0,0.75,1.0,0,3,1,101,1,4.0,1.0
0,0.8097686375321337,0.2699228791773779,-0.5398457583547558,2.0,0.7868852459016393,0.26229508196721313,1,3,2,101,1,1.0,-2.0
1,0.8097686375321337,0.5398457583547558,-0.2699228791773779,2.0,0.8095238095238095,0.5396825396825397,0,3,2,101,1,2.0,-1.0
1,0.9756097560975611,1.9512195121951221,0.9756097560975611,2.0,0.7692307692307692,1.5384615384615383,1,2,2,101,0,4.0,2.0
1,0.8097686375321337,2.6992287917737787,1.8894601542416452,2.0,0.7397260273972603,2.4657534246575343,1,3,2,101,1,10.0,7.0
1,0.8097686375321337,1.3496143958868894,0.5398457583547558,2.0,0.7307692307692307,1.2179487179487178,1,3,1,101,1,5.0,2.0
0,0.9756097560975611,0.48780487804878053,-0.48780487804878053,2.0,0.8571428571428571,0.42857142857142855,1,2,2,101,0,1.0,-1.0
1,0.9756097560975611,1.4634146341463417,0.48780487804878053,2.0,0.823529411764706,1.2352941176470589,0,2,2,101,0,3.0,1.0
1,0.9756097560975611,0.9756097560975611,0.0,2.0,0.8421052631578947,0.8421052631578947,1,2,1,101,0,2.0,0.0
0,0.8097686375321337,0.5398457583547558,-0.2699228791773779,2.0,0.75,0.5,1,3,2,101,1,2.0,-1.0
1,0.8097686375321337,0.5398457583547558,-0.2699228791773779,2.0,0.7682926829268293,0.5121951219512195,0,3,1,101,1,2.0,-1.0
0,0.8097686375321337,0.8097686375321337,0.0,2.0,0.7764705882352941,0.7764705882352941,1,3,1,101,1,3.0,0.0
0,0.8097686375321337,0.5398457583547558,-0.2699228791773779,2.0,0.7931034482758621,0.5287356321839081,0,3,2,101,1,2.0,-1.0
0,0.9756097560975611,0.48780487804878053,-0.48780487804878053,2.0,0.8999999999999999,0.44999999999999996,0,2,2,101,0,1.0,-1.0
1,0.8097686375321337,0.8097686375321337,0.0,2.0,0.8,0.8,0,3,2,101,1,3.0,0.0
1,0.8097686375321337,1.3496143958868894,0.5398457583547558,2.0,0.7894736842105263,1.3157894736842106,1,3,1,101,1,5.0,2.0
0,0.8097686375321337,0.8097686375321337,0.0,2.0,0.7959183673469388,0.7959183673469388,1,3,2,101,1,3.0,0.0
1,0.8097686375321337,1.3496143958868894,0.5398457583547558,2.0,0.7864077669902912,1.3106796116504855,0,3,1,101,1,5.0,2.0
1,0.8097686375321337,0.5398457583547558,-0.2699228791773779,2.0,0.8,0.5333333333333333,1,3,1,101,1,2.0,-1.0
1,0.9756097560975611,0.48780487804878053,-0.48780487804878053,2.0,0.9523809523809523,0.47619047619047616,1,2,1,101,0,1.0,-1.0
1,0.8097686375321337,0.8097686375321337,0.0,2.0,0.8055555555555556,0.8055555555555556,1,3,1,101,1,3.0,0.0
1,0.9756097560975611,1.9512195121951221,0.9756097560975611,2.0,0.8799999999999999,1.7599999999999998,1,2,2,101,0,4.0,2.0
1,0.8097686375321337,1.0796915167095116,0.2699228791773779,2.0,0.8035714285714286,1.0714285714285714,1,3,1,101,1,4.0,1.0
1,0.9756097560975611,1.4634146341463417,0.48780487804878053,2.0,0.8571428571428571,1.2857142857142856,1,2,2,101,0,3.0,1.0
1,0.9756097560975611,0.9756097560975611,0.0,2.0,0.8666666666666667,0.8666666666666667,1,2,1,101,0,2.0,0.0
1,0.8097686375321337,0.5398457583547558,-0.2699228791773779,2.0,0.8157894736842105,0.543859649122807,1,3,2,101,1,2.0,-1.0
1,0.8097686375321337,1.0796915167095116,0.2699228791773779,2.0,0.8135593220338984,1.0847457627118644,1,3,1,101,1,4.0,1.0
0,0.8097686375321337,0.5398457583547558,-0.2699228791773779,2.0,0.8250000000000001,0.55,1,3,2,101,1,2.0,-1.0
1,0.8097686375321337,1.0796915167095116,0.2699228791773779,2.0,0.8225806451612904,1.096774193548387,0,3,2,101,1,4.0,1.0
1,0.8097686375321337,0.5398457583547558,-0.2699228791773779,2.0,0.8333333333333333,0.5555555555555556,1,3,2,101,1,2.0,-1.0
0,0.8097686375321337,0.2699228791773779,-0.5398457583547558,2.0,0.8503937007874016,0.28346456692913385,1,3,1,101,1,1.0,-2.0
0,0.9756097560975611,0.0,-0.9756097560975611,2.0,0.9333333333333333,0.0,0,2,1,101,0,0.0,-2.0
1,0.8097686375321337,1.0796915167095116,0.2699228791773779,2.0,0.8473282442748092,1.1297709923664123,0,3,1,101,1,4.0,1.0
0,0.8097686375321337,0.5398457583547558,-0.2699228791773779,2.0,0.8571428571428571,0.5714285714285714,1,3,2,101,1,2.0,-1.0
1,0.8097686375321337,0.8097686375321337,0.0,2.0,0.8602941176470588,0.8602941176470588,0,3,1,101,1,3.0,0.0
1,0.9756097560975611,0.9756097560975611,0.0,2.0,0.9375,0.9375,1,2,2,101,0,2.0,0.0
1,0.9756097560975611,0.9756097560975611,0.0,2.0,0.9411764705882353,0.9411764705882353,1,2,2,101,0,2.0,0.0
0,0.8097686375321337,0.2699228791773779,-0.5398457583547558,2.0,0.8759124087591241,0.29197080291970806,1,3,2,101,1,1.0,-2.0
1,0.9756097560975611,2.439024390243903,1.4634146341463417,2.0,0.8717948717948718,2.1794871794871797,0,2,1,101,0,5.0,3.0
1,0.8097686375321337,1.3496143958868894,0.5398457583547558,2.0,0.8661971830985915,1.443661971830986,1,3,1,101,1,5.0,2.0
1,0.9756097560975611,0.48780487804878053,-0.48780487804878053,2.0,0.8999999999999999,0.44999999999999996,1,2,1,101,0,1.0,-1.0
1,0.8097686375321337,0.5398457583547558,-0.2699228791773779,2.0,0.875,0.5833333333333334,1,3,2,101,1,2.0,-1.0
0,0.9756097560975611,0.48780487804878053,-0.48780487804878053,2.0,0.9268292682926829,0.46341463414634143,1,2,1,101,0,1.0,-1.0
0,0.9756097560975611,0.0,-0.9756097560975611,2.0,0.9756097560975611,0.0,0,2,2,101,0,0.0,-2.0
0,0.8097686375321337,0.5398457583547558,-0.2699228791773779,2.0,0.8835616438356165,0.589041095890411,100,3,1,101,1,2.0,-1.0
1,0.8097686375321337,1.3496143958868894,0.5398457583547558,2.0,0.8741721854304636,1.456953642384106,0,3,2,101,1,5.0,2.0
1,0.8097686375321337,1.6195372750642674,0.8097686375321337,2.0,0.8598726114649682,1.7197452229299364,1,3,2,101,1,6.0,3.0
1,0.8097686375321337,1.0796915167095116,0.2699228791773779,2.0,0.8571428571428571,1.1428571428571428,1,3,1,101,1,4.0,1.0
1,0.9756097560975611,0.48780487804878053,-0.48780487804878053,2.0,1.0,0.5,1,2,2,101,0,1.0,-1.0
0,0.8097686375321337,0.5398457583547558,-0.2699228791773779,2.0,0.8650306748466258,0.5766871165644172,1,3,2,101,1,2.0,-1.0
1,0.8097686375321337,1.3496143958868894,0.5398457583547558,2.0,0.8571428571428571,1.4285714285714286,0,3,1,101,1,5.0,2.0
1,0.8097686375321337,1.0796915167095116,0.2699228791773779,2.0,0.8546511627906977,1.1395348837209303,1,3,1,101,1,4.0,1.0
0,0.8097686375321337,0.2699228791773779,-0.5398457583547558,2.0,0.8670520231213873,0.28901734104046245,1,3,1,101,1,1.0,-2.0
0,0.8097686375321337,0.5398457583547558,-0.2699228791773779,2.0,0.8742857142857143,0.5828571428571429,0,3,1,101,1,2.0,-1.0
1,0.8097686375321337,1.3496143958868894,0.5398457583547558,2.0,0.8666666666666666,1.4444444444444444,0,3,2,101,1,5.0,2.0
0,0.8097686375321337,0.5398457583547558,-0.2699228791773779,2.0,0.8736263736263736,0.5824175824175823,1,3,2,101,1,2.0,-1.0
1,0.8097686375321337,1.8894601542416452,1.0796915167095116,2.0,0.8571428571428571,2.0,0,3,2,101,1,7.0,4.0
1,0.8097686375321337,1.3496143958868894,0.5398457583547558,2.0,0.8505154639175257,1.4175257731958764,1,3,2,101,1,5.0,2.0
0,0.8097686375321337,0.5398457583547558,-0.2699228791773779,2.0,0.8571428571428571,0.5714285714285714,1,3,2,101,1,2.0,-1.0
1,0.9756097560975611,1.9512195121951221,0.9756097560975611,2.0,0.9565217391304348,1.9130434782608696,0,2,1,101,0,4.0,2.0
1,0.8097686375321337,0.8097686375321337,0.0,2.0,0.8592964824120602,0.8592964824120602,1,3,2,101,1,3.0,0.0
1,0.9756097560975611,1.4634146341463417,0.48780487804878053,2.0,0.9387755102040816,1.4081632653061225,1,2,2,101,0,3.0,1.0
1,0.9756097560975611,0.48780487804878053,-0.48780487804878053,2.0,0.96,0.48,1,2,1,101,0,1.0,-1.0
0,0.9756097560975611,0.48780487804878053,-0.48780487804878053,2.0,0.9803921568627451,0.49019607843137253,1,2,2,101,0,1.0,-1.0
0,0.8097686375321337,0.8097686375321337,0.0,2.0,0.8613861386138614,0.8613861386138614,0,3,2,101,1,3.0,0.0
1,0.8097686375321337,1.3496143958868894,0.5398457583547558,2.0,0.855072463768116,1.42512077294686,0,3,2,101,1,5.0,2.0
1,0.9756097560975611,0.9756097560975611,0.0,2.0,0.9811320754716982,0.9811320754716982,1,2,2,101,0,2.0,0.0
1,0.8097686375321337,1.0796915167095116,0.2699228791773779,2.0,0.8530805687203792,1.1374407582938388,1,3,2,101,1,4.0,1.0
1,0.8097686375321337,0.5398457583547558,-0.2699228791773779,2.0,0.8591549295774648,0.5727699530516431,1,3,1,101,1,2.0,-1.0
1,0.9756097560975611,0.9756097560975611,0.0,2.0,0.9818181818181817,0.9818181818181817,1,2,1,101,0,2.0,0.0
1,0.9756097560975611,1.4634146341463417,0.48780487804878053,2.0,0.9655172413793103,1.4482758620689653,1,2,1,101,0,3.0,1.0
0,0.9756097560975611,0.0,-0.9756097560975611,2.0,1.0,0.0,1,2,1,101,0,0.0,-2.0
0,0.9756097560975611,1.4634146341463417,0.48780487804878053,2.0,0.9836065573770493,1.4754098360655739,0,2,2,101,0,3.0,1.0
1,0.8097686375321337,0.8097686375321337,0.0,2.0,0.8611111111111112,0.8611111111111112,0,3,1,101,1,3.0,0.0
0,0.9756097560975611,0.48780487804878053,-0.48780487804878053,2.0,1.0,0.5,1,2,1,101,0,1.0,-1.0
1,0.8097686375321337,0.8097686375321337,0.0,2.0,0.863013698630137,0.863013698630137,0,3,1,101,1,3.0,0.0
1,0.9756097560975611,1.9512195121951221,0.9756097560975611,2.0,0.9696969696969697,1.9393939393939394,1,2,1,101,0,4.0,2.0
0,0.9756097560975611,0.48780487804878053,-0.48780487804878053,2.0,0.9850746268656717,0.49253731343283585,1,2,1,101,0,1.0,-1.0
1,0.9756097560975611,0.9756097560975611,0.0,2.0,0.9855072463768116,0.9855072463768116,0,2,1,101,0,2.0,0.0
1,0.9756097560975611,0.9756097560975611,0.0,2.0,0.9859154929577465,0.9859154929577465,1,2,2,101,0,2.0,0.0
1,0.8097686375321337,2.9691516709511565,2.159383033419023,2.0,0.8347826086956521,3.0608695652173914,1,3,1,101,1,11.0,8.0
1,0.8097686375321337,1.0796915167095116,0.2699228791773779,2.0,0.8333333333333333,1.1111111111111112,1,3,1,101,1,4.0,1.0
1,0.9756097560975611,0.0,-0.9756097560975611,2.0,1.0140845070422535,0.0,1,2,2,101,0,0.0,-2.0
1,0.8097686375321337,1.0796915167095116,0.2699228791773779,2.0,0.8319327731092437,1.1092436974789917,1,3,2,101,1,4.0,1.0
1,0.9756097560975611,2.439024390243903,1.4634146341463417,2.0,0.9736842105263158,2.4342105263157894,1,2,1,101,0,5.0,3.0
1,0.8097686375321337,0.5398457583547558,-0.2699228791773779,2.0,0.8375,0.5583333333333333,1,3,1,101,1,2.0,-1.0
0,0.8097686375321337,0.5398457583547558,-0.2699228791773779,2.0,0.8429752066115703,0.5619834710743802,1,3,1,101,1,2.0,-1.0
1,0.8097686375321337,1.3496143958868894,0.5398457583547558,2.0,0.8380566801619433,1.3967611336032388,0,3,1,101,1,5.0,2.0
0,0.8097686375321337,0.2699228791773779,-0.5398457583547558,2.0,0.8467741935483871,0.28225806451612906,1,3,2,101,1,1.0,-2.0
0,0.8097686375321337,0.5398457583547558,-0.2699228791773779,2.0,0.852,0.568,0,3,1,101,1,2.0,-1.0
0,0.8097686375321337,0.2699228791773779,-0.5398457583547558,2.0,0.8605577689243028,0.2868525896414343,0,3,2,101,1,1.0,-2.0
0,0.8097686375321337,0.2699228791773779,-0.5398457583547558,2.0,0.8690476190476191,0.28968253968253965,0,3,2,101,1,1.0,-2.0
1,0.8097686375321337,0.8097686375321337,0.0,2.0,0.8705882352941177,0.8705882352941177,0,3,1,101,1,3.0,0.0
1,0.8097686375321337,1.6195372750642674,0.8097686375321337,2.0,0.8620689655172414,1.7241379310344829,1,3,1,101,1,6.0,3.0
1,0.9756097560975611,1.4634146341463417,0.48780487804878053,2.0,0.9620253164556962,1.4430379746835442,1,2,1,101,0,3.0,1.0
1,0.8097686375321337,0.8097686375321337,0.0,2.0,0.8636363636363636,0.8636363636363636,1,3,1,101,1,3.0,0.0
1,0.8097686375321337,0.8097686375321337,0.0,2.0,0.8651685393258427,0.8651685393258427,1,3,1,101,1,3.0,0.0
1,0.9756097560975611,0.9756097560975611,0.0,2.0,0.9629629629629629,0.9629629629629629,1,2,2,101,0,2.0,0.0
1,0.8097686375321337,3.2390745501285347,2.429305912596401,2.0,0.8387096774193548,3.354838709677419,1,3,1,101,1,12.0,9.0
1,0.8097686375321337,1.0796915167095116,0.2699228791773779,2.0,0.8374558303886925,1.11660777385159,1,3,1,101,1,4.0,1.0
1,0.8097686375321337,1.3496143958868894,0.5398457583547558,2.0,0.8333333333333333,1.3888888888888888,1,3,2,101,1,5.0,2.0
0,0.8097686375321337,0.5398457583547558,-0.2699228791773779,2.0,0.8379310344827586,0.5586206896551724,1,3,1,101,1,2.0,-1.0
1,0.8097686375321337,0.8097686375321337,0.0,2.0,0.8395904436860068,0.8395904436860068,0,3,2,101,1,3.0,0.0
0,0.9756097560975611,0.48780487804878053,-0.48780487804878053,2.0,0.9756097560975611,0.48780487804878053,1,2,2,101,0,1.0,-1.0
0,0.8097686375321337,0.5398457583547558,-0.2699228791773779,2.0,0.8440677966101695,0.5627118644067797,0,3,1,101,1,2.0,-1.0
0,0.8097686375321337,0.5398457583547558,-0.2699228791773779,2.0,0.8484848484848485,0.5656565656565656,0,3,2,101,1,2.0,-1.0
1,0.9756097560975611,1.9512195121951221,0.9756097560975611,2.0,0.9534883720930232,1.9069767441860463,100,2,2,101,0,4.0,2.0
0,0.8097686375321337,0.8097686375321337,0.0,2.0,0.85,0.85,1,3,2,101,1,3.0,0.0
1,0.9756097560975611,0.48780487804878053,-0.48780487804878053,2.0,0.9655172413793103,0.48275862068965514,0,2,2,101,0,1.0,-1.0
1,0.9756097560975611,0.48780487804878053,-0.48780487804878053,2.0,0.9772727272727272,0.4886363636363636,1,2,2,101,0,1.0,-1.0
0,0.8097686375321337,0.2699228791773779,-0.5398457583547558,2.0,0.8571428571428571,0.2857142857142857,1,3,2,101,1,1.0,-2.0
0,0.8097686375321337,0.2699228791773779,-0.5398457583547558,2.0,0.8642384105960265,0.2880794701986755,0,3,1,101,1,1.0,-2.0
0,0.9756097560975611,0.48780487804878053,-0.48780487804878053,2.0,0.9887640449438201,0.49438202247191004,0,2,1,101,0,1.0,-1.0
0,0.8097686375321337,0.8097686375321337,0.0,2.0,0.8655737704918033,0.8655737704918033,0,3,2,101,1,3.0,0.0
1,0.8097686375321337,0.5398457583547558,-0.2699228791773779,2.0,0.8697068403908794,0.5798045602605862,0,3,1,101,1,2.0,-1.0
1,0.9756097560975611,0.9756097560975611,0.0,2.0,0.989010989010989,0.989010989010989,1,2,1,101,0,2.0,0.0
1,0.8097686375321337,1.0796915167095116,0.2699228791773779,2.0,0.8681672025723473,1.157556270096463,1,3,1,101,1,4.0,1.0
0,0.9756097560975611,0.48780487804878053,-0.48780487804878053,2.0,1.0,0.5,1,2,1,101,0,1.0,-1.0
1,0.8097686375321337,3.2390745501285347,2.429305912596401,2.0,0.8452012383900929,3.3808049535603715,0,3,2,101,1,12.0,9.0
1,0.8097686375321337,1.0796915167095116,0.2699228791773779,2.0,0.8440366972477065,1.1253822629969419,1,3,2,101,1,4.0,1.0
0,0.8097686375321337,0.5398457583547558,-0.2699228791773779,2.0,0.8480243161094225,0.5653495440729484,1,3,1,101,1,2.0,-1.0
1,0.9756097560975611,0.9756097560975611,0.0,2.0,1.0,1.0,0,2,1,101,0,2.0,0.0
1,0.8097686375321337,1.3496143958868894,0.5398457583547558,2.0,0.844311377245509,1.4071856287425148,1,3,2,101,1,5.0,2.0
1,0.8097686375321337,1.6195372750642674,0.8097686375321337,2.0,0.8382352941176471,1.6764705882352942,1,3,1,101,1,6.0,3.0
1,0.9756097560975611,1.4634146341463417,0.48780487804878053,2.0,0.9896907216494845,1.4845360824742266,1,2,2,101,0,3.0,1.0
1,0.8097686375321337,2.6992287917737787,1.8894601542416452,2.0,0.8228571428571428,2.742857142857143,1,3,2,101,1,10.0,7.0
0,0.8097686375321337,0.8097686375321337,0.0,2.0,0.8243626062322946,0.8243626062322946,1,3,1,101,1,3.0,0.0
1,0.9756097560975611,0.0,-0.9756097560975611,2.0,1.0103092783505154,0.0,0,2,1,101,0,0.0,-2.0
1,0.8097686375321337,1.6195372750642674,0.8097686375321337,2.0,0.8189415041782729,1.6378830083565459,1,3,1,101,1,6.0,3.0
1,0.8097686375321337,2.159383033419023,1.3496143958868894,2.0,0.8092643051771117,2.1580381471389645,1,3,2,101,1,8.0,5.0
1,0.8097686375321337,1.3496143958868894,0.5398457583547558,2.0,0.8064516129032258,1.3440860215053763,1,3,1,101,1,5.0,2.0
0,0.9756097560975611,1.4634146341463417,0.48780487804878053,2.0,1.0,1.5,1,2,1,101,0,3.0,1.0
0,0.8097686375321337,0.5398457583547558,-0.2699228791773779,2.0,0.8101604278074865,0.5401069518716577,0,3,1,101,1,2.0,-1.0
1,0.8097686375321337,1.8894601542416452,1.0796915167095116,2.0,0.8031496062992126,1.874015748031496,0,3,1,101,1,7.0,4.0
0,0.8097686375321337,0.2699228791773779,-0.5398457583547558,2.0,0.8089005235602094,0.2696335078534031,1,3,1,101,1,1.0,-2.0
0,0.9756097560975611,0.48780487804878053,-0.48780487804878053,2.0,1.00990099009901,0.504950495049505,0,2,1,101,0,1.0,-1.0
0,0.9756097560975611,0.48780487804878053,-0.48780487804878053,2.0,1.019607843137255,0.5098039215686275,0,2,2,101,0,1.0,-1.0
1,0.8097686375321337,2.159383033419023,1.3496143958868894,2.0,0.8,2.1333333333333333,0,3,2,101,1,8.0,5.0
0,0.8097686375321337,0.0,-0.8097686375321337,2.0,0.8076923076923077,0.0,1,3,1,101,1,0.0,-3.0
1,0.8097686375321337,0.8097686375321337,0.0,2.0,0.8091603053435115,0.8091603053435115,0,3,2,101,1,3.0,0.0
1,0.8097686375321337,0.8097686375321337,0.0,2.0,0.8106060606060607,0.8106060606060607,1,3,1,101,1,3.0,0.0
1,0.8097686375321337,0.2699228791773779,-0.5398457583547558,2.0,0.8161209068010076,0.2720403022670025,1,3,1,101,1,1.0,-2.0
1,0.8097686375321337,2.6992287917737787,1.8894601542416452,2.0,0.8034398034398035,2.678132678132678,1,3,2,101,1,10.0,7.0
1,0.9756097560975611,1.9512195121951221,0.9756097560975611,2.0,1.0,2.0,1,2,2,101,0,4.0,2.0
1,0.8097686375321337,1.3496143958868894,0.5398457583547558,2.0,0.8009708737864077,1.3349514563106795,1,3,1,101,1,5.0,2.0
0,0.8097686375321337,0.5398457583547558,-0.2699228791773779,2.0,0.8043478260869565,0.536231884057971,1,3,2,101,1,2.0,-1.0
1,0.8097686375321337,3.5089974293059125,2.6992287917737787,2.0,0.7868852459016393,3.4098360655737703,0,3,1,101,1,13.0,10.0
1,0.9756097560975611,1.4634146341463417,0.48780487804878053,2.0,0.9908256880733944,1.4862385321100917,1,2,2,101,0,3.0,1.0
1,0.8097686375321337,1.0796915167095116,0.2699228791773779,2.0,0.7865429234338748,1.048723897911833,1,3,2,101,1,4.0,1.0
1,0.9756097560975611,0.9756097560975611,0.0,2.0,0.9909909909909911,0.9909909909909911,1,2,2,101,0,2.0,0.0
1,0.8097686375321337,1.8894601542416452,1.0796915167095116,2.0,0.7808219178082192,1.821917808219178,1,3,2,101,1,7.0,4.0
0,0.9756097560975611,0.0,-0.9756097560975611,2.0,1.009009009009009,0.0,1,2,2,101,0,0.0,-2.0
1,0.8097686375321337,0.5398457583547558,-0.2699228791773779,2.0,0.7840909090909091,0.5227272727272727,0,3,1,101,1,2.0,-1.0
1,0.8097686375321337,1.3496143958868894,0.5398457583547558,2.0,0.7820224719101123,1.303370786516854,1,3,1,101,1,5.0,2.0
0,0.8097686375321337,0.2699228791773779,-0.5398457583547558,2.0,0.7869955156950673,0.26233183856502246,1,3,2,101,1,1.0,-2.0
1,0.9756097560975611,1.4634146341463417,0.48780487804878053,2.0,1.0,1.5,0,2,1,101,0,3.0,1.0
1,0.9756097560975611,0.9756097560975611,0.0,2.0,1.0,1.0,1,2,1,101,0,2.0,0.0
1,0.8097686375321337,2.9691516709511565,2.159383033419023,2.0,0.7746170678336981,2.840262582056893,1,3,2,101,1,11.0,8.0
0,0.8097686375321337,0.5398457583547558,-0.2699228791773779,2.0,0.7777777777777778,0.5185185185185185,1,3,2,101,1,2.0,-1.0
1,0.8097686375321337,1.3496143958868894,0.5398457583547558,2.0,0.7758620689655172,1.293103448275862,0,3,2,101,1,5.0,2.0
0,0.8097686375321337,0.5398457583547558,-0.2699228791773779,2.0,0.778969957081545,0.51931330472103,1,3,1,101,1,2.0,-1.0
0,0.8097686375321337,0.5398457583547558,-0.2699228791773779,2.0,0.782051282051282,0.5213675213675214,0,3,1,101,1,2.0,-1.0
0,0.8097686375321337,0.8097686375321337,0.0,2.0,0.7834394904458599,0.7834394904458599,0,3,1,101,1,3.0,0.0
0,0.8097686375321337,0.5398457583547558,-0.2699228791773779,2.0,0.7864693446088795,0.5243128964059197,0,3,2,101,1,2.0,-1.0
0,0.8097686375321337,0.5398457583547558,-0.2699228791773779,2.0,0.7894736842105263,0.5263157894736842,0,3,1,101,1,2.0,-1.0
1,0.9756097560975611,2.439024390243903,1.4634146341463417,2.0,0.975206611570248,2.43801652892562,0,2,2,101,0,5.0,3.0
1,0.8097686375321337,1.0796915167095116,0.2699228791773779,2.0,0.7891440501043842,1.0521920668058455,1,3,2,101,1,4.0,1.0
1,0.9756097560975611,0.9756097560975611,0.0,2.0,0.9756097560975611,0.9756097560975611,1,2,1,101,0,2.0,0.0
1,0.8097686375321337,0.5398457583547558,-0.2699228791773779,2.0,0.7920997920997921,0.5280665280665281,100,3,1,101,1,2.0,-1.0
1,0.9756097560975611,0.9756097560975611,0.0,2.0,0.9760000000000001,0.9760000000000001,1,2,2,101,0,2.0,0.0
1,0.8097686375321337,0.8097686375321337,0.0,2.0,0.7933884297520661,0.7933884297520661,1,3,1,101,1,3.0,0.0
1,0.8097686375321337,0.8097686375321337,0.0,2.0,0.7946611909650924,0.7946611909650924,1,3,2,101,1,3.0,0.0
1,0.8097686375321337,1.0796915167095116,0.2699228791773779,2.0,0.7942973523421589,1.0590631364562118,1,3,2,101,1,4.0,1.0
1,0.8097686375321337,1.3496143958868894,0.5398457583547558,2.0,0.7923387096774194,1.3205645161290323,1,3,1,101,1,5.0,2.0
1,0.9756097560975611,1.9512195121951221,0.9756097560975611,2.0,0.9612403100775194,1.9224806201550388,1,2,1,101,0,4.0,2.0
1,0.8097686375321337,1.3496143958868894,0.5398457583547558,2.0,0.7904191616766467,1.3173652694610778,1,3,1,101,1,5.0,2.0
1,0.8097686375321337,0.8097686375321337,0.0,2.0,0.7916666666666667,0.7916666666666667,1,3,2,101,1,3.0,0.0
0,0.8097686375321337,0.2699228791773779,-0.5398457583547558,2.0,0.7960396039603961,0.26534653465346536,1,3,2,101,1,1.0,-2.0
1,0.8097686375321337,2.159383033419023,1.3496143958868894,2.0,0.7894736842105263,2.1052631578947367,0,3,1,101,1,8.0,5.0
1,0.8097686375321337,1.6195372750642674,0.8097686375321337,2.0,0.7861271676300577,1.5722543352601155,1,3,2,101,1,6.0,3.0
1,0.8097686375321337,0.5398457583547558,-0.2699228791773779,2.0,0.7888675623800384,0.5259117082533589,1,3,2,101,1,2.0,-1.0
1,0.8097686375321337,0.8097686375321337,0.0,2.0,0.7900763358778626,0.7900763358778626,1,3,1,101,1,3.0,0.0
1,0.8097686375321337,1.3496143958868894,0.5398457583547558,2.0,0.7882797731568998,1.3137996219281665,1,3,2,101,1,5.0,2.0
0,0.8097686375321337,0.5398457583547558,-0.2699228791773779,2.0,0.7909604519774012,0.5273069679849341,1,3,1,101,1,2.0,-1.0
0,0.9756097560975611,1.4634146341463417,0.48780487804878053,2.0,0.9545454545454545,1.4318181818181817,0,2,2,101,0,3.0,1.0
1,0.9756097560975611,2.439024390243903,1.4634146341463417,2.0,0.9343065693430657,2.335766423357664,0,2,1,101,0,5.0,3.0
0,0.8097686375321337,0.2699228791773779,-0.5398457583547558,2.0,0.7951127819548872,0.2650375939849624,1,3,1,101,1,1.0,-2.0
1,0.8097686375321337,0.5398457583547558,-0.2699228791773779,2.0,0.7977528089887641,0.5318352059925093,0,3,1,101,1,2.0,-1.0
1,0.9756097560975611,1.4634146341463417,0.48780487804878053,2.0,0.9285714285714286,1.392857142857143,1,2,1,101,0,3.0,1.0
1,0.8097686375321337,0.8097686375321337,0.0,2.0,0.7988826815642458,0.7988826815642458,1,3,2,101,1,3.0,0.0
1,0.8097686375321337,0.8097686375321337,0.0,2.0,0.8,0.8,1,3,1,101,1,3.0,0.0
1,0.9756097560975611,0.48780487804878053,-0.48780487804878053,2.0,0.9361702127659575,0.46808510638297873,1,2,2,101,0,1.0,-1.0
0,0.9756097560975611,0.0,-0.9756097560975611,2.0,0.9503546099290779,0.0,1,2,1,101,0,0.0,-2.0
0,0.8097686375321337,0.2699228791773779,-0.5398457583547558,2.0,0.8040665434380776,0.2680221811460259,0,3,1,101,1,1.0,-2.0
0,0.9756097560975611,0.48780487804878053,-0.48780487804878053,2.0,0.9577464788732394,0.4788732394366197,0,2,1,101,0,1.0,-1.0
1,0.8097686375321337,1.3496143958868894,0.5398457583547558,2.0,0.8021978021978022,1.3369963369963371,0,3,2,101,1,5.0,2.0
0,0.8097686375321337,0.5398457583547558,-0.2699228791773779,2.0,0.8047445255474452,0.5364963503649635,1,3,1,101,1,2.0,-1.0
0,0.9756097560975611,0.48780487804878053,-0.48780487804878053,2.0,0.9650349650349651,0.48251748251748255,0,2,1,101,0,1.0,-1.0
1,0.8097686375321337,0.5398457583547558,-0.2699228791773779,2.0,0.8072727272727273,0.5381818181818182,0,3,1,101,1,2.0,-1.0
1,0.9756097560975611,0.9756097560975611,0.0,2.0,0.9655172413793103,0.9655172413793103,1,2,2,101,0,2.0,0.0
1,0.8097686375321337,1.6195372750642674,0.8097686375321337,2.0,0.8039568345323741,1.6079136690647482,1,3,1,101,1,6.0,3.0
0,0.9756097560975611,0.0,-0.9756097560975611,2.0,0.9793103448275863,0.0,1,2,2,101,0,0.0,-2.0
0,0.8097686375321337,0.2699228791773779,-0.5398457583547558,2.0,0.8078994614003591,0.26929982046678635,0,3,1,101,1,1.0,-2.0
0,0.8097686375321337,0.2699228791773779,-0.5398457583547558,2.0,0.8118279569892473,0.27060931899641577,0,3,2,101,1,1.0,-2.0
0,0.9756097560975611,0.48780487804878053,-0.48780487804878053,2.0,0.9863013698630138,0.4931506849315069,0,2,1,101,0,1.0,-1.0
0,0.9756097560975611,0.48780487804878053,-0.48780487804878053,2.0,0.9931972789115646,0.4965986394557823,0,2,2,101,0,1.0,-1.0
1,0.8097686375321337,1.0796915167095116,0.2699228791773779,2.0,0.8113879003558719,1.0818505338078293,0,3,1,101,1,4.0,1.0
1,0.9756097560975611,1.4634146341463417,0.48780487804878053,2.0,0.9866666666666666,1.48,1,2,1,101,0,3.0,1.0
1,0.9756097560975611,1.4634146341463417,0.48780487804878053,2.0,0.9803921568627451,1.4705882352941175,1,2,1,101,0,3.0,1.0
1,0.8097686375321337,0.8097686375321337,0.0,2.0,0.8123893805309734,0.8123893805309734,1,3,2,101,1,3.0,0.0
1,0.8097686375321337,0.8097686375321337,0.0,2.0,0.8133802816901409,0.8133802816901409,1,3,2,101,1,3.0,0.0
1,0.8097686375321337,1.0796915167095116,0.2699228791773779,2.0,0.8129370629370629,1.083916083916084,1,3,2,101,1,4.0,1.0
1,0.9756097560975611,0.48780487804878053,-0.48780487804878053,2.0,0.9870129870129871,0.49350649350649356,1,2,1,101,0,1.0,-1.0
1,0.8097686375321337,0.8097686375321337,0.0,2.0,0.8139130434782609,0.8139130434782609,1,3,2,101,1,3.0,0.0
1,0.8097686375321337,1.8894601542416452,1.0796915167095116,2.0,0.8092783505154639,1.888316151202749,1,3,2,101,1,7.0,4.0
1,0.9756097560975611,0.9756097560975611,0.0,2.0,0.9871794871794873,0.9871794871794873,1,2,2,101,0,2.0,0.0
1,0.8097686375321337,1.0796915167095116,0.2699228791773779,2.0,0.8088737201365188,1.0784982935153584,1,3,2,101,1,4.0,1.0
1,0.9756097560975611,0.9756097560975611,0.0,2.0,0.9873417721518988,0.9873417721518988,1,2,2,101,0,2.0,0.0
1,0.9756097560975611,1.9512195121951221,0.9756097560975611,2.0,0.9753086419753088,1.9506172839506175,1,2,1,101,0,4.0,2.0
1,0.8097686375321337,2.6992287917737787,1.8894601542416452,2.0,0.8003355704697986,2.6677852348993287,1,3,2,101,1,10.0,7.0
1,0.8097686375321337,0.8097686375321337,0.0,2.0,0.8013355592654424,0.8013355592654424,1,3,1,101,1,3.0,0.0
1,0.8097686375321337,1.0796915167095116,0.2699228791773779,2.0,0.8009950248756219,1.0679933665008292,1,3,1,101,1,4.0,1.0
1,0.8097686375321337,0.8097686375321337,0.0,2.0,0.8019801980198019,0.8019801980198019,1,3,2,101,1,3.0,0.0
1,0.8097686375321337,1.0796915167095116,0.2699228791773779,2.0,0.801639344262295,1.0688524590163935,1,3,1,101,1,4.0,1.0
1,0.8097686375321337,1.0796915167095116,0.2699228791773779,2.0,0.8013029315960911,1.0684039087947883,1,3,1,101,1,4.0,1.0
1,0.8097686375321337,0.5398457583547558,-0.2699228791773779,2.0,0.8035714285714286,0.5357142857142857,1,3,2,101,1,2.0,-1.0
0,0.9756097560975611,0.9756097560975611,0.0,2.0,0.9756097560975611,0.9756097560975611,1,2,2,101,0,2.0,0.0
1,0.8097686375321337,0.5398457583547558,-0.2699228791773779,2.0,0.8058252427184466,0.5372168284789643,0,3,1,101,1,2.0,-1.0
1,0.8097686375321337,0.8097686375321337,0.0,2.0,0.8067632850241546,0.8067632850241546,1,3,2,101,1,3.0,0.0
1,0.8097686375321337,0.8097686375321337,0.0,2.0,0.8076923076923077,0.8076923076923077,1,3,1,101,1,3.0,0.0
1,0.8097686375321337,0.5398457583547558,-0.2699228791773779,2.0,0.8099041533546326,0.5399361022364217,100,3,1,101,1,2.0,-1.0
1,0.8097686375321337,1.8894601542416452,1.0796915167095116,2.0,0.8056872037914692,1.8799368088467614,1,3,1,101,1,7.0,4.0
1,0.8097686375321337,1.0796915167095116,0.2699228791773779,2.0,0.8053375196232339,1.0737833594976451,1,3,2,101,1,4.0,1.0
1,0.8097686375321337,1.6195372750642674,0.8097686375321337,2.0,0.80248833592535,1.6049766718507,1,3,1,101,1,6.0,3.0
0,0.8097686375321337,0.2699228791773779,-0.5398457583547558,2.0,0.8059006211180124,0.2686335403726708,1,3,2,101,1,1.0,-2.0
1,0.8097686375321337,0.8097686375321337,0.0,2.0,0.8068006182380216,0.8068006182380216,0,3,1,101,1,3.0,0.0
0,0.9756097560975611,1.4634146341463417,0.48780487804878053,2.0,0.970059880239521,1.4550898203592815,1,2,2,101,0,3.0,1.0
1,0.8097686375321337,0.8097686375321337,0.0,2.0,0.8076923076923077,0.8076923076923077,0,3,1,101,1,3.0,0.0
1,0.9756097560975611,0.48780487804878053,-0.48780487804878053,2.0,0.9761904761904762,0.4880952380952381,1,2,2,101,0,1.0,-1.0
0,0.9756097560975611,0.48780487804878053,-0.48780487804878053,2.0,0.9822485207100592,0.4911242603550296,1,2,2,101,0,1.0,-1.0
1,0.8097686375321337,1.6195372750642674,0.8097686375321337,2.0,0.8048780487804879,1.6097560975609757,0,3,1,101,1,6.0,3.0
1,0.8097686375321337,1.8894601542416452,1.0796915167095116,2.0,0.8009049773755657,1.8687782805429864,1,3,1,101,1,7.0,4.0
1,0.8097686375321337,0.8097686375321337,0.0,2.0,0.8018018018018018,0.8018018018018018,1,3,2,101,1,3.0,0.0
0,0.8097686375321337,0.2699228791773779,-0.5398457583547558,2.0,0.8050974512743628,0.2683658170914543,1,3,2,101,1,1.0,-2.0
0,0.9756097560975611,0.48780487804878053,-0.48780487804878053,2.0,0.9882352941176471,0.49411764705882355,0,2,1,101,0,1.0,-1.0
0,0.9756097560975611,0.48780487804878053,-0.48780487804878053,2.0,0.9941520467836258,0.4970760233918129,0,2,2,101,0,1.0,-1.0
1,0.9756097560975611,1.9512195121951221,0.9756097560975611,2.0,0.9828571428571429,1.9657142857142857,0,2,1,101,0,4.0,2.0
0,0.8097686375321337,0.2699228791773779,-0.5398457583547558,2.0,0.8083832335329341,0.2694610778443114,1,3,2,101,1,1.0,-2.0
0,0.8097686375321337,0.8097686375321337,0.0,2.0,0.8092399403874814,0.8092399403874814,0,3,2,101,1,3.0,0.0
1,0.8097686375321337,1.3496143958868894,0.5398457583547558,2.0,0.8076923076923077,1.346153846153846,0,3,1,101,1,5.0,2.0
1,0.8097686375321337,0.5398457583547558,-0.2699228791773779,2.0,0.8097345132743362,0.5398230088495575,1,3,2,101,1,2.0,-1.0
1,0.9756097560975611,1.4634146341463417,0.48780487804878053,2.0,0.9775280898876405,1.4662921348314608,1,2,2,101,0,3.0,1.0
1,0.9756097560975611,1.4634146341463417,0.48780487804878053,2.0,0.9723756906077349,1.4585635359116023,1,2,2,101,0,3.0,1.0
0,0.8097686375321337,0.5398457583547558,-0.2699228791773779,2.0,0.8117647058823529,0.5411764705882353,1,3,2,101,1,2.0,-1.0
0,0.8097686375321337,0.2699228791773779,-0.5398457583547558,2.0,0.8149779735682819,0.27165932452276065,0,3,2,101,1,1.0,-2.0
1,0.8097686375321337,1.6195372750642674,0.8097686375321337,2.0,0.8122270742358079,1.6244541484716157,0,3,1,101,1,6.0,3.0
1,0.9756097560975611,2.439024390243903,1.4634146341463417,2.0,0.9569892473118279,2.3924731182795695,1,2,1,101,0,5.0,3.0
0,0.9756097560975611,0.48780487804878053,-0.48780487804878053,2.0,0.9625668449197861,0.48128342245989303,1,2,1,101,0,1.0,-1.0
1,0.8097686375321337,0.8097686375321337,0.0,2.0,0.8130434782608695,0.8130434782608695,0,3,2,101,1,3.0,0.0
1,0.8097686375321337,1.3496143958868894,0.5398457583547558,2.0,0.8115107913669065,1.3525179856115108,1,3,2,101,1,5.0,2.0
1,0.9756097560975611,1.9512195121951221,0.9756097560975611,2.0,0.9528795811518325,1.905759162303665,1,2,2,101,0,4.0,2.0
1,0.8097686375321337,0.8097686375321337,0.0,2.0,0.8123209169054442,0.8123209169054442,1,3,1,101,1,3.0,0.0
1,0.9756097560975611,0.9756097560975611,0.0,2.0,0.9533678756476683,0.9533678756476683,1,2,2,101,0,2.0,0.0
0,0.9756097560975611,0.0,-0.9756097560975611,2.0,0.9637305699481865,0.0,1,2,1,101,0,0.0,-2.0
1,0.8097686375321337,1.3496143958868894,0.5398457583547558,2.0,0.8108108108108107,1.3513513513513513,0,3,1,101,1,5.0,2.0
1,0.8097686375321337,1.0796915167095116,0.2699228791773779,2.0,0.8104667609618105,1.0806223479490806,1,3,1,101,1,4.0,1.0
1,0.8097686375321337,0.8097686375321337,0.0,2.0,0.8112676056338028,0.8112676056338028,1,3,2,101,1,3.0,0.0
1,0.9756097560975611,0.9756097560975611,0.0,2.0,0.9641025641025642,0.9641025641025642,1,2,1,101,0,2.0,0.0
1,0.9756097560975611,0.9756097560975611,0.0,2.0,0.9644670050761422,0.9644670050761422,1,2,1,101,0,2.0,0.0
1,0.8097686375321337,1.3496143958868894,0.5398457583547558,2.0,0.8097902097902099,1.3496503496503498,1,3,1,101,1,5.0,2.0
0,0.8097686375321337,0.5398457583547558,-0.2699228791773779,2.0,0.8117154811715481,0.5411436541143654,1,3,1,101,1,2.0,-1.0
1,0.8097686375321337,1.3496143958868894,0.5398457583547558,2.0,0.8102493074792243,1.3504155124653738,0,3,1,101,1,5.0,2.0
1,0.9756097560975611,1.4634146341463417,0.48780487804878053,2.0,0.96,1.44,1,2,2,101,0,3.0,1.0
0,0.8097686375321337,0.8097686375321337,0.0,2.0,0.8110344827586207,0.8110344827586207,1,3,2,101,1,3.0,0.0
1,0.9756097560975611,0.9756097560975611,0.0,2.0,0.9603960396039604,0.9603960396039604,0,2,2,101,0,2.0,0.0
1,0.8097686375321337,0.8097686375321337,0.0,2.0,0.8118131868131868,0.8118131868131868,1,3,2,101,1,3.0,0.0
1,0.8097686375321337,2.159383033419023,1.3496143958868894,2.0,0.8070652173913043,2.1521739130434785,1,3,2,101,1,8.0,5.0
1,0.8097686375321337,0.8097686375321337,0.0,2.0,0.8078484438430311,0.8078484438430311,1,3,2,101,1,3.0,0.0
1,0.8097686375321337,0.8097686375321337,0.0,2.0,0.8086253369272237,0.8086253369272237,1,3,2,101,1,3.0,0.0
0,0.8097686375321337,0.2699228791773779,-0.5398457583547558,2.0,0.8115746971736205,0.27052489905787347,1,3,2,101,1,1.0,-2.0
1,0.8097686375321337,1.0796915167095116,0.2699228791773779,2.0,0.8112449799196787,1.0816599732262382,0,3,1,101,1,4.0,1.0
1,0.9756097560975611,0.9756097560975611,0.0,2.0,0.9607843137254901,0.9607843137254901,1,2,2,101,0,2.0,0.0
1,0.8097686375321337,1.3496143958868894,0.5398457583547558,2.0,0.8098404255319149,1.3497340425531916,1,3,2,101,1,5.0,2.0
0,0.8097686375321337,0.8097686375321337,0.0,2.0,0.8105960264900662,0.8105960264900662,1,3,2,101,1,3.0,0.0
0,0.9756097560975611,0.0,-0.9756097560975611,2.0,0.9705882352941176,0.0,0,2,2,101,0,0.0,-2.0
0,0.8097686375321337,0.5398457583547558,-0.2699228791773779,2.0,0.8124174372523117,0.5416116248348745,0,3,1,101,1,2.0,-1.0
1,0.8097686375321337,1.0796915167095116,0.2699228791773779,2.0,0.8120893561103811,1.0827858081471748,0,3,2,101,1,4.0,1.0
1,0.8097686375321337,2.159383033419023,1.3496143958868894,2.0,0.8075422626788036,2.153446033810143,1,3,1,101,1,8.0,5.0
1,0.8097686375321337,1.3496143958868894,0.5398457583547558,2.0,0.8062015503875969,1.3436692506459949,1,3,1,101,1,5.0,2.0
1,0.9756097560975611,0.48780487804878053,-0.48780487804878053,2.0,0.9756097560975611,0.48780487804878053,1,2,2,101,0,1.0,-1.0
0,0.8097686375321337,0.2699228791773779,-0.5398457583547558,2.0,0.8090322580645161,0.2696774193548387,1,3,2,101,1,1.0,-2.0
1,0.8097686375321337,0.8097686375321337,0.0,2.0,0.8097686375321337,0.8097686375321337,0,3,2,101,1,3.0,0.0
1,0.8879492600422833,1.109936575052854,0.2219873150105708,3.0,0.8,1.0,100,4,1,101,1,5.0,1.0
1,0.8879492600422833,1.331923890063425,0.4439746300211416,3.0,0.7272727272727273,1.0909090909090908,1,4,2,101,1,6.0,2.0
0,0.8879492600422833,0.0,-0.8879492600422833,3.0,1.090909090909091,0.0,1,4,2,101,1,0.0,-4.0
0,0.7843137254901962,0.0,-0.7843137254901962,3.0,2.0,0.0,0,2,1,101,0,0.0,-2.0
1,0.8879492600422833,0.6659619450317125,-0.2219873150105708,3.0,1.1428571428571428,0.8571428571428571,0,4,1,101,1,3.0,-1.0
0,0.8879492600422833,0.4439746300211416,-0.4439746300211416,3.0,1.25,0.625,1,4,2,101,1,2.0,-2.0
1,0.8879492600422833,0.6659619450317125,-0.2219873150105708,3.0,1.2631578947368423,0.9473684210526316,0,4,2,101,1,3.0,-1.0
1,0.7843137254901962,1.9607843137254903,1.1764705882352942,3.0,0.8,2.0,1,2,2,101,0,5.0,3.0
1,0.7843137254901962,0.3921568627450981,-0.3921568627450981,3.0,1.0,0.5,1,2,1,101,0,1.0,-1.0
0,0.8879492600422833,0.2219873150105708,-0.6659619450317125,3.0,1.4,0.35,1,4,2,101,1,1.0,-3.0
0,0.7843137254901962,0.3921568627450981,-0.3921568627450981,3.0,1.1428571428571428,0.5714285714285714,0,2,2,101,0,1.0,-1.0
0,0.7843137254901962,0.0,-0.7843137254901962,3.0,1.4285714285714286,0.0,0,2,1,101,0,0.0,-2.0
1,0.8879492600422833,1.331923890063425,0.4439746300211416,3.0,1.2307692307692308,1.8461538461538463,0,4,2,101,1,6.0,2.0
1,0.8879492600422833,0.6659619450317125,-0.2219873150105708,3.0,1.2413793103448276,0.9310344827586207,1,4,1,101,1,3.0,-1.0
0,0.7843137254901962,0.0,-0.7843137254901962,3.0,1.7142857142857142,0.0,1,2,2,101,0,0.0,-2.0
1,0.8879492600422833,1.109936575052854,0.2219873150105708,3.0,1.1764705882352942,1.4705882352941178,0,4,2,101,1,5.0,1.0
1,0.7843137254901962,1.9607843137254903,1.1764705882352942,3.0,1.1666666666666667,2.916666666666667,1,2,1,101,0,5.0,3.0
0,0.8879492600422833,0.2219873150105708,-0.6659619450317125,3.0,1.2571428571428571,0.3142857142857143,1,4,1,101,1,1.0,-3.0
0,0.8879492600422833,0.0,-0.8879492600422833,3.0,1.3714285714285714,0.0,0,4,1,101,1,0.0,-4.0
1,0.7843137254901962,0.7843137254901962,0.0,3.0,1.1428571428571428,1.1428571428571428,0,2,1,101,0,2.0,0.0
0,0.8879492600422833,0.2219873150105708,-0.6659619450317125,3.0,1.4444444444444444,0.3611111111111111,1,4,2,101,1,1.0,-3.0
1,0.8879492600422833,1.331923890063425,0.4439746300211416,3.0,1.3333333333333333,2.0,0,4,1,101,1,6.0,2.0
1,0.8879492600422833,1.109936575052854,0.2219873150105708,3.0,1.2765957446808511,1.5957446808510638,1,4,1,101,1,5.0,1.0
0,0.8879492600422833,0.2219873150105708,-0.6659619450317125,3.0,1.3333333333333333,0.3333333333333333,1,4,1,101,1,1.0,-3.0
1,0.7843137254901962,0.7843137254901962,0.0,3.0,1.125,1.125,0,2,2,101,0,2.0,0.0
1,0.8879492600422833,2.8858350951374208,1.9978858350951374,3.0,1.1147540983606556,3.622950819672131,1,4,2,101,1,13.0,9.0
1,0.7843137254901962,1.1764705882352942,0.3921568627450981,3.0,1.0526315789473684,1.5789473684210527,1,2,1,101,0,3.0,1.0
1,0.8879492600422833,1.7758985200845665,0.8879492600422833,3.0,1.0434782608695652,2.0869565217391304,1,4,1,101,1,8.0,4.0
1,0.7843137254901962,3.5294117647058827,2.7450980392156863,3.0,0.7857142857142857,3.5357142857142856,1,2,1,101,0,9.0,7.0
1,0.8879492600422833,1.5539112050739958,0.6659619450317125,3.0,1.0,1.75,1,4,2,101,1,7.0,3.0
1,0.8879492600422833,0.6659619450317125,-0.2219873150105708,3.0,1.0126582278481011,0.7594936708860759,1,4,1,101,1,3.0,-1.0
1,0.8879492600422833,1.331923890063425,0.4439746300211416,3.0,0.9882352941176471,1.4823529411764707,1,4,2,101,1,6.0,2.0
1,0.8879492600422833,1.331923890063425,0.4439746300211416,3.0,0.9670329670329669,1.4505494505494505,1,4,1,101,1,6.0,2.0
0,0.8879492600422833,0.4439746300211416,-0.4439746300211416,3.0,0.9892473118279569,0.49462365591397844,1,4,2,101,1,2.0,-2.0
1,0.8879492600422833,1.5539112050739958,0.6659619450317125,3.0,0.96,1.68,0,4,1,101,1,7.0,3.0
1,0.8879492600422833,0.4439746300211416,-0.4439746300211416,3.0,0.9803921568627451,0.49019607843137253,1,4,1,101,1,2.0,-2.0
1,0.8879492600422833,0.6659619450317125,-0.2219873150105708,3.0,0.9904761904761905,0.7428571428571429,1,4,1,101,1,3.0,-1.0
1,0.8879492600422833,1.109936575052854,0.2219873150105708,3.0,0.9818181818181817,1.227272727272727,1,4,2,101,1,5.0,1.0
1,0.8879492600422833,1.331923890063425,0.4439746300211416,3.0,0.9655172413793103,1.4482758620689653,1,4,1,101,1,6.0,2.0
1,0.8879492600422833,0.2219873150105708,-0.6659619450317125,3.0,0.9914529914529915,0.24786324786324787,1,4,1,101,1,1.0,-3.0
0,0.7843137254901962,0.3921568627450981,-0.3921568627450981,3.0,0.8275862068965518,0.4137931034482759,1,2,1,101,0,1.0,-1.0
0,0.7843137254901962,0.3921568627450981,-0.3921568627450981,3.0,0.8666666666666667,0.43333333333333335,0,2,2,101,0,1.0,-1.0
1,0.8879492600422833,1.109936575052854,0.2219873150105708,3.0,0.9836065573770493,1.2295081967213115,0,4,2,101,1,5.0,1.0
1,0.8879492600422833,0.4439746300211416,-0.4439746300211416,3.0,1.0,0.5,1,4,2,101,1,2.0,-2.0
1,0.8879492600422833,2.66384778012685,1.7758985200845665,3.0,0.9411764705882353,2.823529411764706,1,4,2,101,1,12.0,8.0
1,0.8879492600422833,0.2219873150105708,-0.6659619450317125,3.0,0.9635036496350365,0.24087591240875914,1,4,2,101,1,1.0,-3.0
1,0.8879492600422833,1.109936575052854,0.2219873150105708,3.0,0.9577464788732394,1.1971830985915493,1,4,2,101,1,5.0,1.0
1,0.7843137254901962,1.5686274509803924,0.7843137254901962,3.0,0.823529411764706,1.647058823529412,1,2,1,101,0,4.0,2.0
1,0.8879492600422833,0.8879492600422833,0.0,3.0,0.958904109589041,0.958904109589041,1,4,2,101,1,4.0,0.0
1,0.7843137254901962,1.1764705882352942,0.3921568627450981,3.0,0.8108108108108107,1.2162162162162162,1,2,1,101,0,3.0,1.0
1,0.8879492600422833,1.7758985200845665,0.8879492600422833,3.0,0.935064935064935,1.87012987012987,1,4,2,101,1,8.0,4.0
1,0.7843137254901962,1.1764705882352942,0.3921568627450981,3.0,0.8,1.2,1,2,1,101,0,3.0,1.0
0,0.7843137254901962,0.7843137254901962,0.0,3.0,0.8095238095238095,0.8095238095238095,1,2,2,101,0,2.0,0.0
1,0.7843137254901962,1.9607843137254903,1.1764705882352942,3.0,0.7659574468085106,1.9148936170212765,0,2,2,101,0,5.0,3.0
1,0.7843137254901962,1.5686274509803924,0.7843137254901962,3.0,0.7450980392156863,1.4901960784313726,1,2,2,101,0,4.0,2.0
1,0.8879492600422833,1.109936575052854,0.2219873150105708,3.0,0.9308176100628931,1.1635220125786163,1,4,1,101,1,5.0,1.0
1,0.8879492600422833,1.5539112050739958,0.6659619450317125,3.0,0.9156626506024097,1.602409638554217,1,4,1,101,1,7.0,3.0
1,0.8879492600422833,1.109936575052854,0.2219873150105708,3.0,0.9122807017543859,1.1403508771929824,1,4,2,101,1,5.0,1.0
1,0.7843137254901962,0.0,-0.7843137254901962,3.0,0.7843137254901962,0.0,1,2,2,101,0,0.0,-2.0
0,0.8879492600422833,0.4439746300211416,-0.4439746300211416,3.0,0.9248554913294798,0.4624277456647399,1,4,1,101,1,2.0,-2.0
1,0.8879492600422833,0.6659619450317125,-0.2219873150105708,3.0,0.9318181818181818,0.6988636363636364,0,4,2,101,1,3.0,-1.0
1,0.8879492600422833,0.6659619450317125,-0.2219873150105708,3.0,0.9385474860335196,0.7039106145251397,1,4,2,101,1,3.0,-1.0
1,0.8879492600422833,0.8879492600422833,0.0,3.0,0.9398907103825137,0.9398907103825137,100,4,2,101,1,4.0,0.0
1,0.8879492600422833,1.109936575052854,0.2219873150105708,3.0,0.9361702127659575,1.1702127659574468,1,4,2,101,1,5.0,1.0
0,0.7843137254901962,0.7843137254901962,0.0,3.0,0.7924528301886793,0.7924528301886793,1,2,2,101,0,2.0,0.0
1,0.7843137254901962,1.9607843137254903,1.1764705882352942,3.0,0.7586206896551725,1.896551724137931,0,2,1,101,0,5.0,3.0
0,0.8879492600422833,0.0,-0.8879492600422833,3.0,0.9574468085106382,0.0,1,4,2,101,1,0.0,-4.0
1,0.8879492600422833,0.8879492600422833,0.0,3.0,0.9583333333333334,0.9583333333333334,0,4,1,101,1,4.0,0.0
1,0.8879492600422833,3.1078224101479917,2.219873150105708,3.0,0.912621359223301,3.1941747572815533,1,4,1,101,1,14.0,10.0
1,0.8879492600422833,1.7758985200845665,0.8879492600422833,3.0,0.8971962616822431,1.7943925233644862,1,4,2,101,1,8.0,4.0
1,0.8879492600422833,1.109936575052854,0.2219873150105708,3.0,0.8949771689497718,1.1187214611872147,1,4,1,101,1,5.0,1.0
1,0.8879492600422833,2.219873150105708,1.331923890063425,3.0,0.8733624454148472,2.1834061135371177,1,4,2,101,1,10.0,6.0
1,0.7843137254901962,1.9607843137254903,1.1764705882352942,3.0,0.7301587301587301,1.8253968253968254,1,2,1,101,0,5.0,3.0
1,0.8879492600422833,0.8879492600422833,0.0,3.0,0.8755364806866953,0.8755364806866953,1,4,2,101,1,4.0,0.0
1,0.7843137254901962,1.1764705882352942,0.3921568627450981,3.0,0.7272727272727273,1.0909090909090908,1,2,1,101,0,3.0,1.0
1,0.7843137254901962,0.0,-0.7843137254901962,3.0,0.7575757575757576,0.0,1,2,2,101,0,0.0,-2.0
0,0.7843137254901962,0.3921568627450981,-0.3921568627450981,3.0,0.7761194029850745,0.38805970149253727,1,2,2,101,0,1.0,-1.0
1,0.7843137254901962,3.5294117647058827,2.7450980392156863,3.0,0.7105263157894737,3.1973684210526314,0,2,1,101,0,9.0,7.0
1,0.8879492600422833,1.109936575052854,0.2219873150105708,3.0,0.8739495798319328,1.092436974789916,1,4,1,101,1,5.0,1.0
1,0.8879492600422833,0.6659619450317125,-0.2219873150105708,3.0,0.8796680497925311,0.6597510373443983,1,4,2,101,1,3.0,-1.0
1,0.8879492600422833,0.4439746300211416,-0.4439746300211416,3.0,0.8888888888888888,0.4444444444444444,1,4,2,101,1,2.0,-2.0
1,0.8879492600422833,1.109936575052854,0.2219873150105708,3.0,0.8870967741935485,1.1088709677419355,1,4,2,101,1,5.0,1.0
1,0.8879492600422833,2.219873150105708,1.331923890063425,3.0,0.868217054263566,2.170542635658915,1,4,2,101,1,10.0,6.0
1,0.8879492600422833,1.7758985200845665,0.8879492600422833,3.0,0.8571428571428571,1.7142857142857142,1,4,1,101,1,8.0,4.0
1,0.8879492600422833,0.6659619450317125,-0.2219873150105708,3.0,0.862453531598513,0.6468401486988847,1,4,1,101,1,3.0,-1.0
1,0.7843137254901962,0.7843137254901962,0.0,3.0,0.717948717948718,0.717948717948718,1,2,2,101,0,2.0,0.0
0,0.8879492600422833,0.2219873150105708,-0.6659619450317125,3.0,0.874074074074074,0.2185185185185185,1,4,2,101,1,1.0,-3.0
1,0.7843137254901962,0.3921568627450981,-0.3921568627450981,3.0,0.7341772151898734,0.3670886075949367,0,2,1,101,0,1.0,-1.0
1,0.7843137254901962,1.5686274509803924,0.7843137254901962,3.0,0.7228915662650602,1.4457831325301205,1,2,2,101,0,4.0,2.0
1,0.8879492600422833,2.219873150105708,1.331923890063425,3.0,0.8571428571428571,2.142857142857143,1,4,2,101,1,10.0,6.0
1,0.7843137254901962,0.3921568627450981,-0.3921568627450981,3.0,0.7380952380952381,0.36904761904761907,1,2,2,101,0,1.0,-1.0
1,0.7843137254901962,0.7843137254901962,0.0,3.0,0.7441860465116279,0.7441860465116279,1,2,1,101,0,2.0,0.0
1,0.8879492600422833,1.109936575052854,0.2219873150105708,3.0,0.8561403508771931,1.0701754385964912,1,4,1,101,1,5.0,1.0
1,0.7843137254901962,1.1764705882352942,0.3921568627450981,3.0,0.7415730337078652,1.1123595505617978,1,2,2,101,0,3.0,1.0
1,0.8879492600422833,0.2219873150105708,-0.6659619450317125,3.0,0.8671328671328671,0.21678321678321677,1,4,2,101,1,1.0,-3.0
1,0.8879492600422833,0.6659619450317125,-0.2219873150105708,3.0,0.8719723183391004,0.6539792387543253,1,4,1,101,1,3.0,-1.0
1,0.7843137254901962,1.1764705882352942,0.3921568627450981,3.0,0.7391304347826086,1.108695652173913,1,2,2,101,0,3.0,1.0
0,0.7843137254901962,0.3921568627450981,-0.3921568627450981,3.0,0.7526881720430108,0.3763440860215054,1,2,1,101,0,1.0,-1.0
1,0.8879492600422833,0.4439746300211416,-0.4439746300211416,3.0,0.8797250859106529,0.43986254295532645,0,4,1,101,1,2.0,-2.0
1,0.7843137254901962,1.9607843137254903,1.1764705882352942,3.0,0.7346938775510203,1.836734693877551,1,2,1,101,0,5.0,3.0
1,0.8879492600422833,0.6659619450317125,-0.2219873150105708,3.0,0.8843537414965986,0.6632653061224489,1,4,1,101,1,3.0,-1.0
0,0.8879492600422833,0.4439746300211416,-0.4439746300211416,3.0,0.891891891891892,0.445945945945946,1,4,2,101,1,2.0,-2.0
1,0.8879492600422833,1.5539112050739958,0.6659619450317125,3.0,0.8844884488448844,1.5478547854785478,0,4,2,101,1,7.0,3.0
1,0.8879492600422833,3.1078224101479917,2.219873150105708,3.0,0.8580441640378549,3.003154574132492,1,4,1,101,1,14.0,10.0
0,0.8879492600422833,0.2219873150105708,-0.6659619450317125,3.0,0.8679245283018868,0.2169811320754717,1,4,2,101,1,1.0,-3.0
1,0.8879492600422833,0.6659619450317125,-0.2219873150105708,3.0,0.8722741433021808,0.6542056074766356,0,4,1,101,1,3.0,-1.0
0,0.8879492600422833,0.4439746300211416,-0.4439746300211416,3.0,0.8792569659442725,0.43962848297213625,1,4,2,101,1,2.0,-2.0
1,0.8879492600422833,0.6659619450317125,-0.2219873150105708,3.0,0.8834355828220859,0.6625766871165645,0,4,2,101,1,3.0,-1.0
0,0.7843137254901962,0.0,-0.7843137254901962,3.0,0.7551020408163265,0.0,1,2,2,101,0,0.0,-2.0
1,0.8879492600422833,0.6659619450317125,-0.2219873150105708,3.0,0.8875379939209727,0.6656534954407295,0,4,2,101,1,3.0,-1.0
1,0.8879492600422833,1.109936575052854,0.2219873150105708,3.0,0.8862275449101797,1.1077844311377247,1,4,1,101,1,5.0,1.0
0,0.7843137254901962,0.0,-0.7843137254901962,3.0,0.7755102040816326,0.0,1,2,2,101,0,0.0,-2.0
1,0.8879492600422833,0.4439746300211416,-0.4439746300211416,3.0,0.8928571428571428,0.4464285714285714,0,4,1,101,1,2.0,-2.0
1,0.7843137254901962,1.5686274509803924,0.7843137254901962,3.0,0.7647058823529411,1.5294117647058822,1,2,1,101,0,4.0,2.0
0,0.7843137254901962,0.0,-0.7843137254901962,3.0,0.7843137254901962,0.0,1,2,2,101,0,0.0,-2.0
0,0.8879492600422833,0.0,-0.8879492600422833,3.0,0.9047619047619047,0.0,0,4,2,101,1,0.0,-4.0
1,0.8879492600422833,0.6659619450317125,-0.2219873150105708,3.0,0.9085545722713865,0.6814159292035398,0,4,1,101,1,3.0,-1.0
1,0.8879492600422833,2.219873150105708,1.331923890063425,3.0,0.8939828080229226,2.2349570200573066,1,4,2,101,1,10.0,6.0
1,0.8879492600422833,0.8879492600422833,0.0,3.0,0.8951841359773371,0.8951841359773371,1,4,2,101,1,4.0,0.0
0,0.8879492600422833,0.2219873150105708,-0.6659619450317125,3.0,0.903954802259887,0.22598870056497175,1,4,1,101,1,1.0,-3.0
0,0.8879492600422833,0.2219873150105708,-0.6659619450317125,3.0,0.9126760563380282,0.22816901408450704,0,4,1,101,1,1.0,-3.0
1,0.8879492600422833,1.331923890063425,0.4439746300211416,3.0,0.9085872576177285,1.3628808864265929,0,4,2,101,1,6.0,2.0
1,0.8879492600422833,0.4439746300211416,-0.4439746300211416,3.0,0.9146005509641872,0.4573002754820936,1,4,1,101,1,2.0,-2.0
1,0.8879492600422833,1.109936575052854,0.2219873150105708,3.0,0.9130434782608695,1.141304347826087,1,4,2,101,1,5.0,1.0
0,0.8879492600422833,0.4439746300211416,-0.4439746300211416,3.0,0.918918918918919,0.4594594594594595,100,4,1,101,1,2.0,-2.0
0,0.8879492600422833,0.0,-0.8879492600422833,3.0,0.9297297297297298,0.0,0,4,1,101,1,0.0,-4.0
1,0.8879492600422833,2.219873150105708,1.331923890063425,3.0,0.9157894736842105,2.289473684210526,0,4,2,101,1,10.0,6.0
1,0.8879492600422833,1.5539112050739958,0.6659619450317125,3.0,0.9095607235142119,1.5917312661498708,1,4,2,101,1,7.0,3.0
1,0.8879492600422833,1.7758985200845665,0.8879492600422833,3.0,0.9012658227848102,1.8025316455696203,1,4,1,101,1,8.0,4.0
1,0.8879492600422833,1.7758985200845665,0.8879492600422833,3.0,0.8933002481389578,1.7866004962779156,1,4,1,101,1,8.0,4.0
1,0.7843137254901962,1.1764705882352942,0.3921568627450981,3.0,0.780952380952381,1.1714285714285715,1,2,2,101,0,3.0,1.0
1,0.8879492600422833,1.7758985200845665,0.8879492600422833,3.0,0.8856447688564477,1.7712895377128954,1,4,1,101,1,8.0,4.0
1,0.7843137254901962,0.3921568627450981,-0.3921568627450981,3.0,0.7924528301886793,0.39622641509433965,1,2,1,101,0,1.0,-1.0
1,0.8879492600422833,0.6659619450317125,-0.2219873150105708,3.0,0.8888888888888888,0.6666666666666666,1,4,1,101,1,3.0,-1.0
1,0.8879492600422833,0.8879492600422833,0.0,3.0,0.8899521531100479,0.8899521531100479,1,4,1,101,1,4.0,0.0
0,0.7843137254901962,0.0,-0.7843137254901962,3.0,0.8113207547169812,0.0,1,2,1,101,0,0.0,-2.0
0,0.7843137254901962,0.0,-0.7843137254901962,3.0,0.830188679245283,0.0,0,2,1,101,0,0.0,-2.0
0,0.8879492600422833,0.0,-0.8879492600422833,3.0,0.8995215311004785,0.0,0,4,2,101,1,0.0,-4.0
1,0.8879492600422833,0.6659619450317125,-0.2219873150105708,3.0,0.9026128266033254,0.6769596199524941,0,4,1,101,1,3.0,-1.0
1,0.8879492600422833,0.6659619450317125,-0.2219873150105708,3.0,0.9056603773584905,0.6792452830188679,1,4,1,101,1,3.0,-1.0
1,0.8879492600422833,0.4439746300211416,-0.4439746300211416,3.0,0.9107981220657276,0.4553990610328638,1,4,1,101,1,2.0,-2.0
1,0.8879492600422833,0.8879492600422833,0.0,3.0,0.9116279069767442,0.9116279069767442,1,4,1,101,1,4.0,0.0
0,0.7843137254901962,0.3921568627450981,-0.3921568627450981,3.0,0.8411214953271028,0.4205607476635514,1,2,1,101,0,1.0,-1.0
1,0.8879492600422833,0.6659619450317125,-0.2219873150105708,3.0,0.9145496535796767,0.6859122401847575,0,4,1,101,1,3.0,-1.0
1,0.8879492600422833,0.6659619450317125,-0.2219873150105708,3.0,0.9174311926605504,0.6880733944954128,1,4,1,101,1,3.0,-1.0
0,0.7843137254901962,0.7843137254901962,0.0,3.0,0.8440366972477065,0.8440366972477065,1,2,1,101,0,2.0,0.0
1,0.8879492600422833,1.109936575052854,0.2219873150105708,3.0,0.9160997732426304,1.1451247165532878,0,4,2,101,1,5.0,1.0
0,0.7843137254901962,0.0,-0.7843137254901962,3.0,0.8623853211009175,0.0,1,2,1,101,0,0.0,-2.0
0,0.8879492600422833,0.4439746300211416,-0.4439746300211416,3.0,0.9209932279909707,0.46049661399548536,0,4,1,101,1,2.0,-2.0
1,0.8879492600422833,0.4439746300211416,-0.4439746300211416,3.0,0.9258426966292134,0.4629213483146067,0,4,2,101,1,2.0,-2.0
1,0.7843137254901962,0.7843137254901962,0.0,3.0,0.8648648648648649,0.8648648648648649,1,2,1,101,0,2.0,0.0
1,0.8879492600422833,0.2219873150105708,-0.6659619450317125,3.0,0.9327354260089686,0.23318385650224216,1,4,2,101,1,1.0,-3.0
0,0.8879492600422833,0.0,-0.8879492600422833,3.0,0.9417040358744394,0.0,1,4,2,101,1,0.0,-4.0
1,0.8879492600422833,1.109936575052854,0.2219873150105708,3.0,0.9401330376940134,1.1751662971175167,0,4,2,101,1,5.0,1.0
1,0.8879492600422833,1.109936575052854,0.2219873150105708,3.0,0.9385964912280703,1.1732456140350878,1,4,2,101,1,5.0,1.0
1,0.8879492600422833,1.9978858350951374,1.109936575052854,3.0,0.9290322580645162,2.0903225806451613,1,4,2,101,1,9.0,5.0
0,0.8879492600422833,0.2219873150105708,-0.6659619450317125,3.0,0.9356223175965666,0.23390557939914164,1,4,1,101,1,1.0,-3.0
1,0.8879492600422833,0.6659619450317125,-0.2219873150105708,3.0,0.9381663113006397,0.7036247334754797,0,4,1,101,1,3.0,-1.0
1,0.7843137254901962,3.5294117647058827,2.7450980392156863,3.0,0.8166666666666667,3.675,1,2,2,101,0,9.0,7.0
1,0.8879492600422833,2.219873150105708,1.331923890063425,3.0,0.9269311064718163,2.317327766179541,1,4,2,101,1,10.0,6.0
1,0.8879492600422833,3.3298097251585626,2.441860465116279,3.0,0.9068825910931174,3.4008097165991904,1,4,1,101,1,15.0,11.0
1,0.8879492600422833,0.6659619450317125,-0.2219873150105708,3.0,0.9094567404426559,0.682092555331992,1,4,2,101,1,3.0,-1.0
1,0.8879492600422833,1.7758985200845665,0.8879492600422833,3.0,0.902970297029703,1.805940594059406,1,4,1,101,1,8.0,4.0
1,0.7843137254901962,1.1764705882352942,0.3921568627450981,3.0,0.8130081300813008,1.2195121951219512,1,2,2,101,0,3.0,1.0
1,0.7843137254901962,1.5686274509803924,0.7843137254901962,3.0,0.8031496062992126,1.6062992125984252,1,2,1,101,0,4.0,2.0
0,0.7843137254901962,0.0,-0.7843137254901962,3.0,0.8188976377952755,0.0,1,2,1,101,0,0.0,-2.0
1,0.8879492600422833,1.109936575052854,0.2219873150105708,3.0,0.9019607843137255,1.1274509803921569,0,4,2,101,1,5.0,1.0
1,0.7843137254901962,1.5686274509803924,0.7843137254901962,3.0,0.8091603053435115,1.618320610687023,1,2,2,101,0,4.0,2.0
0,0.8879492600422833,0.2219873150105708,-0.6659619450317125,3.0,0.9080234833659492,0.2270058708414873,1,4,2,101,1,1.0,-3.0
0,0.8879492600422833,0.2219873150105708,-0.6659619450317125,3.0,0.9140624999999999,0.22851562499999997,0,4,2,101,1,1.0,-3.0
1,0.8879492600422833,0.4439746300211416,-0.4439746300211416,3.0,0.9182879377431906,0.4591439688715953,0,4,2,101,1,2.0,-2.0
1,0.8879492600422833,0.4439746300211416,-0.4439746300211416,3.0,0.9224806201550388,0.4612403100775194,1,4,1,101,1,2.0,-2.0
1,0.7843137254901962,1.1764705882352942,0.3921568627450981,3.0,0.8059701492537313,1.208955223880597,1,2,1,101,0,3.0,1.0
1,0.8879492600422833,1.331923890063425,0.4439746300211416,3.0,0.9195402298850576,1.3793103448275863,1,4,2,101,1,6.0,2.0
0,0.8879492600422833,0.0,-0.8879492600422833,3.0,0.9272030651340996,0.0,1,4,1,101,1,0.0,-4.0
1,0.7843137254901962,0.3921568627450981,-0.3921568627450981,3.0,0.8148148148148148,0.4074074074074074,0,2,2,101,0,1.0,-1.0
1,0.7843137254901962,0.7843137254901962,0.0,3.0,0.8175182481751824,0.8175182481751824,1,2,2,101,0,2.0,0.0
1,0.7843137254901962,1.9607843137254903,1.1764705882352942,3.0,0.8028169014084506,2.0070422535211265,1,2,2,101,0,5.0,3.0
0,0.8879492600422833,0.2219873150105708,-0.6659619450317125,3.0,0.9330783938814532,0.2332695984703633,1,4,1,101,1,1.0,-3.0
1,0.8879492600422833,2.219873150105708,1.331923890063425,3.0,0.9230769230769231,2.307692307692308,0,4,1,101,1,10.0,6.0
1,0.7843137254901962,1.9607843137254903,1.1764705882352942,3.0,0.7891156462585035,1.9727891156462587,1,2,2,101,0,5.0,3.0
1,0.7843137254901962,1.9607843137254903,1.1764705882352942,3.0,0.7763157894736843,1.9407894736842106,1,2,2,101,0,5.0,3.0
0,0.8879492600422833,0.2219873150105708,-0.6659619450317125,3.0,0.9288389513108614,0.23220973782771534,1,4,1,101,1,1.0,-3.0
0,0.8879492600422833,0.0,-0.8879492600422833,3.0,0.9363295880149812,0.0,0,4,2,101,1,0.0,-4.0
0,0.7843137254901962,0.3921568627450981,-0.3921568627450981,3.0,0.7843137254901962,0.3921568627450981,0,2,1,101,0,1.0,-1.0
1,0.8879492600422833,1.109936575052854,0.2219873150105708,3.0,0.935064935064935,1.1688311688311688,0,4,2,101,1,5.0,1.0
1,0.8879492600422833,1.331923890063425,0.4439746300211416,3.0,0.9321100917431192,1.3981651376146789,100,4,1,101,1,6.0,2.0
1,0.8879492600422833,0.6659619450317125,-0.2219873150105708,3.0,0.9343065693430657,0.7007299270072993,1,4,2,101,1,3.0,-1.0
1,0.8879492600422833,0.4439746300211416,-0.4439746300211416,3.0,0.9381818181818182,0.4690909090909091,1,4,2,101,1,2.0,-2.0
1,0.8879492600422833,2.219873150105708,1.331923890063425,3.0,0.9285714285714286,2.3214285714285716,1,4,2,101,1,10.0,6.0
1,0.8879492600422833,0.6659619450317125,-0.2219873150105708,3.0,0.930728241563055,0.6980461811722912,1,4,2,101,1,3.0,-1.0
1,0.7843137254901962,1.5686274509803924,0.7843137254901962,3.0,0.7770700636942676,1.5541401273885351,1,2,2,101,0,4.0,2.0
1,0.8879492600422833,0.6659619450317125,-0.2219873150105708,3.0,0.9328621908127208,0.6996466431095406,1,4,2,101,1,3.0,-1.0
0,0.7843137254901962,0.7843137254901962,0.0,3.0,0.779874213836478,0.779874213836478,1,2,1,101,0,2.0,0.0
1,0.8879492600422833,1.109936575052854,0.2219873150105708,3.0,0.9316987740805605,1.1646234676007006,0,4,1,101,1,5.0,1.0
1,0.7843137254901962,0.3921568627450981,-0.3921568627450981,3.0,0.7875000000000001,0.39375000000000004,1,2,1,101,0,1.0,-1.0
0,0.7843137254901962,0.0,-0.7843137254901962,3.0,0.8,0.0,1,2,1,101,0,0.0,-2.0
1,0.8879492600422833,0.8879492600422833,0.0,3.0,0.9321739130434783,0.9321739130434783,0,4,1,101,1,4.0,0.0
1,0.8879492600422833,1.331923890063425,0.4439746300211416,3.0,0.9294320137693631,1.3941480206540446,1,4,2,101,1,6.0,2.0
1,0.7843137254901962,1.9607843137254903,1.1764705882352942,3.0,0.787878787878788,1.9696969696969697,1,2,1,101,0,5.0,3.0
1,0.7843137254901962,1.9607843137254903,1.1764705882352942,3.0,0.7764705882352941,1.9411764705882353,1,2,1,101,0,5.0,3.0
1,0.8879492600422833,2.8858350951374208,1.9978858350951374,3.0,0.9158249158249159,2.9764309764309766,1,4,1,101,1,13.0,9.0
0,0.8879492600422833,0.2219873150105708,-0.6659619450317125,3.0,0.9210084033613445,0.23025210084033612,1,4,1,101,1,1.0,-3.0
1,0.7843137254901962,1.9607843137254903,1.1764705882352942,3.0,0.7657142857142857,1.9142857142857141,0,2,1,101,0,5.0,3.0
1,0.8879492600422833,1.109936575052854,0.2219873150105708,3.0,0.92,1.1500000000000001,1,4,2,101,1,5.0,1.0
0,0.7843137254901962,0.0,-0.7843137254901962,3.0,0.7771428571428571,0.0,1,2,2,101,0,0.0,-2.0
1,0.8879492600422833,2.219873150105708,1.331923890063425,3.0,0.9114754098360656,2.278688524590164,0,4,2,101,1,10.0,6.0
0,0.7843137254901962,0.3921568627450981,-0.3921568627450981,3.0,0.7840909090909092,0.3920454545454546,1,2,1,101,0,1.0,-1.0
0,0.7843137254901962,0.0,-0.7843137254901962,3.0,0.7954545454545455,0.0,0,2,1,101,0,0.0,-2.0
1,0.8879492600422833,2.219873150105708,1.331923890063425,3.0,0.9032258064516129,2.258064516129032,0,4,2,101,1,10.0,6.0
1,0.8879492600422833,1.7758985200845665,0.8879492600422833,3.0,0.8980891719745223,1.7961783439490446,1,4,1,101,1,8.0,4.0
1,0.8879492600422833,0.6659619450317125,-0.2219873150105708,3.0,0.9001584786053882,0.6751188589540412,1,4,2,101,1,3.0,-1.0
1,0.8879492600422833,1.7758985200845665,0.8879492600422833,3.0,0.8951486697965572,1.7902973395931143,1,4,1,101,1,8.0,4.0
1,0.8879492600422833,1.331923890063425,0.4439746300211416,3.0,0.8930232558139535,1.3395348837209302,1,4,2,101,1,6.0,2.0
1,0.7843137254901962,0.7843137254901962,0.0,3.0,0.797752808988764,0.797752808988764,1,2,1,101,0,2.0,0.0
1,0.8879492600422833,0.4439746300211416,-0.4439746300211416,3.0,0.8964451313755796,0.4482225656877898,1,4,2,101,1,2.0,-2.0
1,0.8879492600422833,2.219873150105708,1.331923890063425,3.0,0.8888888888888888,2.2222222222222223,1,4,1,101,1,10.0,6.0
1,0.8879492600422833,1.7758985200845665,0.8879492600422833,3.0,0.8842105263157894,1.768421052631579,1,4,2,101,1,8.0,4.0
1,0.7843137254901962,1.5686274509803924,0.7843137254901962,3.0,0.7912087912087913,1.5824175824175826,1,2,2,101,0,4.0,2.0
1,0.7843137254901962,1.1764705882352942,0.3921568627450981,3.0,0.7891891891891892,1.183783783783784,1,2,2,101,0,3.0,1.0
0,0.8879492600422833,0.0,-0.8879492600422833,3.0,0.8902255639097745,0.0,1,4,2,101,1,0.0,-4.0
0,0.7843137254901962,0.0,-0.7843137254901962,3.0,0.8,0.0,0,2,2,101,0,0.0,-2.0
1,0.8879492600422833,1.109936575052854,0.2219873150105708,3.0,0.8895522388059701,1.1119402985074627,0,4,2,101,1,5.0,1.0
1,0.8879492600422833,0.8879492600422833,0.0,3.0,0.8902077151335311,0.8902077151335311,1,4,1,101,1,4.0,0.0
1,0.8879492600422833,1.109936575052854,0.2219873150105708,3.0,0.8895434462444771,1.1119293078055965,1,4,2,101,1,5.0,1.0
1,0.8879492600422833,2.219873150105708,1.331923890063425,3.0,0.8824383164005806,2.2060957910014514,1,4,2,101,1,10.0,6.0
1,0.7843137254901962,1.1764705882352942,0.3921568627450981,3.0,0.7978723404255319,1.1968085106382977,1,2,2,101,0,3.0,1.0
1,0.8879492600422833,0.6659619450317125,-0.2219873150105708,3.0,0.8843930635838151,0.6632947976878613,1,4,2,101,1,3.0,-1.0
1,0.8879492600422833,1.7758985200845665,0.8879492600422833,3.0,0.8799999999999999,1.7599999999999998,1,4,2,101,1,8.0,4.0
1,0.8879492600422833,1.109936575052854,0.2219873150105708,3.0,0.8794326241134751,1.099290780141844,1,4,1,101,1,5.0,1.0
1,0.8879492600422833,0.4439746300211416,-0.4439746300211416,3.0,0.8826025459688827,0.44130127298444133,1,4,1,101,1,2.0,-2.0
1,0.8879492600422833,1.109936575052854,0.2219873150105708,3.0,0.8820224719101124,1.1025280898876404,1,4,2,101,1,5.0,1.0
0,0.7843137254901962,0.3921568627450981,-0.3921568627450981,3.0,0.8042328042328042,0.4021164021164021,1,2,2,101,0,1.0,-1.0
1,0.8879492600422833,0.2219873150105708,-0.6659619450317125,3.0,0.8863955119214586,0.22159887798036465,0,4,2,101,1,1.0,-3.0
1,0.8879492600422833,1.109936575052854,0.2219873150105708,3.0,0.8857938718662952,1.107242339832869,1,4,1,101,1,5.0,1.0
0,0.7843137254901962,0.3921568627450981,-0.3921568627450981,3.0,0.8105263157894737,0.4052631578947368,1,2,1,101,0,1.0,-1.0
1,0.8879492600422833,1.109936575052854,0.2219873150105708,3.0,0.8852005532503459,1.1065006915629323,0,4,2,101,1,5.0,1.0
1,0.8879492600422833,1.109936575052854,0.2219873150105708,3.0,0.8846153846153847,1.1057692307692308,1,4,2,101,1,5.0,1.0
1,0.8879492600422833,1.331923890063425,0.4439746300211416,3.0,0.8828337874659401,1.32425068119891,1,4,1,101,1,6.0,2.0
1,0.8879492600422833,1.109936575052854,0.2219873150105708,3.0,0.8822733423545331,1.1028416779431665,1,4,1,101,1,5.0,1.0
1,0.8879492600422833,0.4439746300211416,-0.4439746300211416,3.0,0.8852901484480431,0.44264507422402155,1,4,1,101,1,2.0,-2.0
1,0.7843137254901962,3.5294117647058827,2.7450980392156863,3.0,0.7839195979899498,3.5276381909547743,1,2,1,101,0,9.0,7.0
1,0.7843137254901962,0.7843137254901962,0.0,3.0,0.7860696517412936,0.7860696517412936,1,2,2,101,0,2.0,0.0
1,0.8879492600422833,1.109936575052854,0.2219873150105708,3.0,0.8847184986595173,1.1058981233243967,1,4,2,101,1,5.0,1.0
1,0.8879492600422833,1.7758985200845665,0.8879492600422833,3.0,0.8806366047745359,1.7612732095490717,1,4,2,101,1,8.0,4.0
1,0.8879492600422833,0.8879492600422833,0.0,3.0,0.8812664907651716,0.8812664907651716,1,4,1,101,1,4.0,0.0
1,0.8879492600422833,1.109936575052854,0.2219873150105708,3.0,0.8807339449541284,1.1009174311926604,1,4,2,101,1,5.0,1.0
1,0.7843137254901962,1.1764705882352942,0.3921568627450981,3.0,0.7843137254901962,1.1764705882352942,1,2,1,101,0,3.0,1.0
0,0.7843137254901962,0.7843137254901962,0.0,3.0,0.7864077669902912,0.7864077669902912,100,2,2,101,0,2.0,0.0
0,0.8879492600422833,0.4439746300211416,-0.4439746300211416,3.0,0.8836601307189542,0.4418300653594771,0,4,2,101,1,2.0,-2.0
1,0.8879492600422833,1.109936575052854,0.2219873150105708,3.0,0.8831168831168832,1.103896103896104,0,4,1,101,1,5.0,1.0
1,0.7843137254901962,1.5686274509803924,0.7843137254901962,3.0,0.780952380952381,1.561904761904762,1,2,1,101,0,4.0,2.0
1,0.8879492600422833,0.6659619450317125,-0.2219873150105708,3.0,0.8848641655886158,0.6636481241914619,1,4,2,101,1,3.0,-1.0
1,0.8879492600422833,3.1078224101479917,2.219873150105708,3.0,0.8742058449809403,3.0597204574332912,1,4,1,101,1,14.0,10.0
1,0.8879492600422833,1.7758985200845665,0.8879492600422833,3.0,0.870440251572327,1.740880503144654,1,4,2,101,1,8.0,4.0
1,0.8879492600422833,1.109936575052854,0.2219873150105708,3.0,0.8700000000000001,1.0875000000000001,1,4,1,101,1,5.0,1.0
1,0.7843137254901962,0.3921568627450981,-0.3921568627450981,3.0,0.7867298578199052,0.3933649289099526,1,2,1,101,0,1.0,-1.0
1,0.8879492600422833,0.6659619450317125,-0.2219873150105708,3.0,0.87173100871731,0.6537982565379825,1,4,1,101,1,3.0,-1.0
0,0.7843137254901962,0.0,-0.7843137254901962,3.0,0.7962085308056872,0.0,1,2,2,101,0,0.0,-2.0
1,0.7843137254901962,1.9607843137254903,1.1764705882352942,3.0,0.7870370370370371,1.9675925925925928,0,2,1,101,0,5.0,3.0
1,0.8879492600422833,2.219873150105708,1.331923890063425,3.0,0.8659286592865929,2.164821648216482,1,4,1,101,1,10.0,6.0
0,0.8879492600422833,0.2219873150105708,-0.6659619450317125,3.0,0.8697788697788699,0.21744471744471747,1,4,2,101,1,1.0,-3.0
1,0.7843137254901962,0.3921568627450981,-0.3921568627450981,3.0,0.7926267281105991,0.39631336405529954,0,2,2,101,0,1.0,-1.0
1,0.8879492600422833,0.6659619450317125,-0.2219873150105708,3.0,0.8714810281517748,0.653610771113831,1,4,2,101,1,3.0,-1.0
1,0.8879492600422833,1.7758985200845665,0.8879492600422833,3.0,0.8678787878787879,1.7357575757575758,1,4,2,101,1,8.0,4.0
1,0.8879492600422833,1.331923890063425,0.4439746300211416,3.0,0.8664259927797835,1.2996389891696751,1,4,2,101,1,6.0,2.0
1,0.7843137254901962,1.1764705882352942,0.3921568627450981,3.0,0.7909090909090909,1.1863636363636363,1,2,2,101,0,3.0,1.0
1,0.8879492600422833,1.5539112050739958,0.6659619450317125,3.0,0.8639618138424822,1.5119331742243436,1,4,2,101,1,7.0,3.0
1,0.8879492600422833,2.219873150105708,1.331923890063425,3.0,0.8584905660377358,2.1462264150943393,1,4,1,101,1,10.0,6.0
0,0.8879492600422833,0.2219873150105708,-0.6659619450317125,3.0,0.8621908127208481,0.21554770318021202,1,4,1,101,1,1.0,-3.0
1,0.8879492600422833,0.6659619450317125,-0.2219873150105708,3.0,0.863849765258216,0.647887323943662,0,4,1,101,1,3.0,-1.0
1,0.8879492600422833,1.109936575052854,0.2219873150105708,3.0,0.8634772462077013,1.0793465577596266,1,4,1,101,1,5.0,1.0
1,0.8879492600422833,0.8879492600422833,0.0,3.0,0.8641114982578397,0.8641114982578397,1,4,2,101,1,4.0,0.0
1,0.7843137254901962,1.9607843137254903,1.1764705882352942,3.0,0.7822222222222223,1.9555555555555557,1,2,1,101,0,5.0,3.0
0,0.7843137254901962,0.3921568627450981,-0.3921568627450981,3.0,0.7876106194690266,0.3938053097345133,1,2,2,101,0,1.0,-1.0
1,0.8879492600422833,2.219873150105708,1.331923890063425,3.0,0.8587830080367393,2.1469575200918483,0,4,1,101,1,10.0,6.0
0,0.7843137254901962,0.0,-0.7843137254901962,3.0,0.7964601769911505,0.0,1,2,2,101,0,0.0,-2.0
0,0.7843137254901962,0.0,-0.7843137254901962,3.0,0.8053097345132744,0.0,0,2,2,101,0,0.0,-2.0
0,0.8879492600422833,0.0,-0.8879492600422833,3.0,0.8633754305396096,0.0,0,4,2,101,1,0.0,-4.0
1,0.7843137254901962,1.5686274509803924,0.7843137254901962,3.0,0.8,1.6,0,2,2,101,0,4.0,2.0
1,0.8879492600422833,0.0,-0.8879492600422833,3.0,0.8679678530424799,0.0,1,4,1,101,1,0.0,-4.0
1,0.7843137254901962,1.9607843137254903,1.1764705882352942,3.0,0.7914893617021277,1.9787234042553192,1,2,1,101,0,5.0,3.0
1,0.8879492600422833,0.6659619450317125,-0.2219873150105708,3.0,0.8695652173913044,0.6521739130434783,1,4,1,101,1,3.0,-1.0
0,0.8879492600422833,0.2219873150105708,-0.6659619450317125,3.0,0.8731428571428572,0.2182857142857143,1,4,1,101,1,1.0,-3.0
1,0.8879492600422833,2.219873150105708,1.331923890063425,3.0,0.8677966101694915,2.169491525423729,0,4,2,101,1,10.0,6.0
0,0.8879492600422833,0.2219873150105708,-0.6659619450317125,3.0,0.8713318284424378,0.21783295711060946,1,4,1,101,1,1.0,-3.0
1,0.8879492600422833,1.331923890063425,0.4439746300211416,3.0,0.8699551569506727,1.304932735426009,0,4,1,101,1,6.0,2.0
0,0.8879492600422833,0.2219873150105708,-0.6659619450317125,3.0,0.8734602463605824,0.2183650615901456,1,4,1,101,1,1.0,-3.0
1,0.8879492600422833,0.6659619450317125,-0.2219873150105708,3.0,0.875,0.65625,0,4,2,101,1,3.0,-1.0
0,0.8879492600422833,0.4439746300211416,-0.4439746300211416,3.0,0.8775055679287306,0.4387527839643653,1,4,1,101,1,2.0,-2.0
1,0.8879492600422833,0.8879492600422833,0.0,3.0,0.8780487804878049,0.8780487804878049,0,4,2,101,1,4.0,0.0
0,0.8879492600422833,0.2219873150105708,-0.6659619450317125,3.0,0.8815060908084164,0.2203765227021041,1,4,2,101,1,1.0,-3.0
1,0.8879492600422833,2.219873150105708,1.331923890063425,3.0,0.8762322015334063,2.1905805038335155,0,4,1,101,1,10.0,6.0
1,0.8879492600422833,0.6659619450317125,-0.2219873150105708,3.0,0.8777292576419213,0.6582969432314411,1,4,1,101,1,3.0,-1.0
1,0.7843137254901962,1.1764705882352942,0.3921568627450981,3.0,0.7899159663865546,1.184873949579832,1,2,2,101,0,3.0,1.0
0,0.8879492600422833,0.0,-0.8879492600422833,3.0,0.8820960698689957,0.0,1,4,2,101,1,0.0,-4.0
1,0.7843137254901962,0.7843137254901962,0.0,3.0,0.7916666666666667,0.7916666666666667,0,2,2,101,0,2.0,0.0
1,0.8879492600422833,0.6659619450317125,-0.2219873150105708,3.0,0.8835690968443961,0.6626768226332971,1,4,1,101,1,3.0,-1.0
1,0.7843137254901962,3.5294117647058827,2.7450980392156863,3.0,0.7710843373493976,3.4698795180722892,1,2,2,101,0,9.0,7.0
1,0.8879492600422833,1.331923890063425,0.4439746300211416,3.0,0.8821621621621621,1.3232432432432433,1,4,2,101,1,6.0,2.0
0,0.8879492600422833,0.2219873150105708,-0.6659619450317125,3.0,0.8855291576673867,0.22138228941684668,1,4,1,101,1,1.0,-3.0
1,0.7843137254901962,0.7843137254901962,0.0,3.0,0.7729083665338645,0.7729083665338645,0,2,1,101,0,2.0,0.0
0,0.8879492600422833,0.0,-0.8879492600422833,3.0,0.8898488120950323,0.0,1,4,1,101,1,0.0,-4.0
1,0.8879492600422833,0.8879492600422833,0.0,3.0,0.8903225806451612,0.8903225806451612,0,4,2,101,1,4.0,0.0
1,0.8879492600422833,1.109936575052854,0.2219873150105708,3.0,0.8898395721925134,1.1122994652406417,1,4,1,101,1,5.0,1.0
1,0.7843137254901962,0.3921568627450981,-0.3921568627450981,3.0,0.7777777777777777,0.38888888888888884,1,2,1,101,0,1.0,-1.0
1,0.7843137254901962,1.1764705882352942,0.3921568627450981,3.0,0.7764705882352941,1.1647058823529413,1,2,2,101,0,3.0,1.0
1,0.8879492600422833,1.7758985200845665,0.8879492600422833,3.0,0.8865323435843053,1.7730646871686107,1,4,1,101,1,8.0,4.0
1,0.8879492600422833,0.6659619450317125,-0.2219873150105708,3.0,0.8879492600422833,0.6659619450317125,1,4,1,101,1,3.0,-1.0
0,0.7843137254901962,0.0,-0.7843137254901962,3.0,0.7843137254901962,0.0,1,2,1,101,0,0.0,-2.0
