Choice,DV_Norm_Ref_Amount,DV_Norm_Value,DV_WR_Norm_Value,Day,MC_Norm_Ref_Amount,MC_Norm_Value,Prev_choice,Ref_Amount,Ref_Pos,Subj,Trial_type,Value,WTP_Ref
1,0.8433734939759037,1.6867469879518073,0.8433734939759037,1.0,0.5,1.0,100,2.0,1,108,1,4.0,2.0
1,1.0,1.0,0.0,1.0,1.0,1.0,1,1.0,2,108,0,1.0,0.0
0,0.8433734939759037,0.42168674698795183,-0.42168674698795183,1.0,0.8,0.4,1,2.0,2,108,1,1.0,-1.0
0,0.8433734939759037,0.8433734939759037,0.0,1.0,0.8571428571428571,0.8571428571428571,0,2.0,1,108,1,2.0,0.0
0,0.8433734939759037,0.8433734939759037,0.0,1.0,0.8888888888888888,0.8888888888888888,0,2.0,2,108,1,2.0,0.0
1,0.8433734939759037,1.2650602409638554,0.42168674698795183,1.0,0.8333333333333334,1.25,0,2.0,2,108,1,3.0,1.0
1,0.8433734939759037,1.6867469879518073,0.8433734939759037,1.0,0.75,1.5,1,2.0,1,108,1,4.0,2.0
0,1.0,0.0,-1.0,1.0,2.0,0.0,1,1.0,1,108,0,0.0,-1.0
0,0.8433734939759037,0.42168674698795183,-0.42168674698795183,1.0,0.823529411764706,0.411764705882353,0,2.0,1,108,1,1.0,-1.0
0,0.8433734939759037,1.2650602409638554,0.42168674698795183,1.0,0.8,1.2,0,2.0,1,108,1,3.0,1.0
0,1.0,0.0,-1.0,1.0,3.0,0.0,0,1.0,2,108,0,0.0,-1.0
0,0.8433734939759037,0.8433734939759037,0.0,1.0,0.8,0.8,100,2.0,2,108,1,2.0,0.0
0,0.8433734939759037,0.0,-0.8433734939759037,1.0,0.8799999999999999,0.0,0,2.0,2,108,1,0.0,-2.0
0,0.8433734939759037,0.42168674698795183,-0.42168674698795183,1.0,0.9230769230769231,0.46153846153846156,0,2.0,2,108,1,1.0,-1.0
0,0.8433734939759037,0.42168674698795183,-0.42168674698795183,1.0,0.9629629629629629,0.48148148148148145,0,2.0,1,108,1,1.0,-1.0
0,0.8433734939759037,0.0,-0.8433734939759037,1.0,1.037037037037037,0.0,0,2.0,2,108,1,0.0,-2.0
0,0.8433734939759037,1.2650602409638554,0.42168674698795183,1.0,1.0,1.5,0,2.0,2,108,1,3.0,1.0
0,1.0,1.0,0.0,1.0,2.0,2.0,0,1.0,1,108,0,1.0,0.0
0,0.8433734939759037,1.2650602409638554,0.42168674698795183,1.0,0.9696969696969697,1.4545454545454546,0,2.0,2,108,1,3.0,1.0
0,0.8433734939759037,0.8433734939759037,0.0,1.0,0.9714285714285715,0.9714285714285715,0,2.0,2,108,1,2.0,0.0
1,1.0,2.0,1.0,1.0,1.25,2.5,0,1.0,2,108,0,2.0,1.0
0,0.8433734939759037,0.42168674698795183,-0.42168674698795183,1.0,1.0,0.5,1,2.0,2,108,1,1.0,-1.0
0,0.8433734939759037,0.42168674698795183,-0.42168674698795183,1.0,1.027027027027027,0.5135135135135135,0,2.0,2,108,1,1.0,-1.0
0,0.8433734939759037,1.2650602409638554,0.42168674698795183,1.0,1.0,1.5,0,2.0,1,108,1,3.0,1.0
0,0.8433734939759037,1.2650602409638554,0.42168674698795183,1.0,0.9767441860465117,1.4651162790697676,0,2.0,1,108,1,3.0,1.0
0,1.0,0.0,-1.0,1.0,1.5,0.0,0,1.0,1,108,0,0.0,-1.0
0,0.8433734939759037,0.8433734939759037,0.0,1.0,0.9777777777777777,0.9777777777777777,0,2.0,1,108,1,2.0,0.0
0,1.0,0.0,-1.0,1.0,1.75,0.0,0,1.0,2,108,0,0.0,-1.0
1,1.0,3.0,2.0,1.0,1.1428571428571428,3.4285714285714284,0,1.0,1,108,0,3.0,2.0
0,0.8433734939759037,0.8433734939759037,0.0,1.0,0.978723404255319,0.978723404255319,1,2.0,1,108,1,2.0,0.0
0,1.0,2.0,1.0,1.0,1.0,2.0,0,1.0,1,108,0,2.0,1.0
0,0.8433734939759037,0.8433734939759037,0.0,1.0,0.979591836734694,0.979591836734694,0,2.0,1,108,1,2.0,0.0
1,1.0,3.0,2.0,1.0,0.8333333333333334,2.5,0,1.0,1,108,0,3.0,2.0
0,0.8433734939759037,0.8433734939759037,0.0,1.0,0.9803921568627451,0.9803921568627451,1,2.0,1,108,1,2.0,0.0
1,0.8433734939759037,0.8433734939759037,0.0,1.0,0.9811320754716982,0.9811320754716982,0,2.0,2,108,1,2.0,0.0
0,1.0,0.0,-1.0,1.0,0.9166666666666667,0.0,1,1.0,1,108,0,0.0,-1.0
0,0.8433734939759037,0.42168674698795183,-0.42168674698795183,1.0,1.0,0.5,0,2.0,1,108,1,1.0,-1.0
1,0.8433734939759037,1.6867469879518073,0.8433734939759037,1.0,0.9655172413793103,1.9310344827586206,0,2.0,2,108,1,4.0,2.0
1,0.8433734939759037,0.8433734939759037,0.0,1.0,0.9666666666666666,0.9666666666666666,1,2.0,2,108,1,2.0,0.0
1,0.8433734939759037,1.6867469879518073,0.8433734939759037,1.0,0.9375,1.875,1,2.0,1,108,1,4.0,2.0
0,0.8433734939759037,0.8433734939759037,0.0,1.0,0.9393939393939394,0.9393939393939394,1,2.0,1,108,1,2.0,0.0
1,1.0,2.0,1.0,1.0,0.8571428571428571,1.7142857142857142,0,1.0,1,108,0,2.0,1.0
1,1.0,1.0,0.0,1.0,0.8666666666666667,0.8666666666666667,1,1.0,1,108,0,1.0,0.0
0,0.8433734939759037,0.42168674698795183,-0.42168674698795183,1.0,0.9552238805970149,0.47761194029850745,1,2.0,2,108,1,1.0,-1.0
1,1.0,2.0,1.0,1.0,0.823529411764706,1.647058823529412,0,1.0,1,108,0,2.0,1.0
0,1.0,0.0,-1.0,1.0,0.8823529411764706,0.0,1,1.0,2,108,0,0.0,-1.0
0,0.8433734939759037,0.8433734939759037,0.0,1.0,0.9565217391304348,0.9565217391304348,0,2.0,2,108,1,2.0,0.0
0,0.8433734939759037,0.42168674698795183,-0.42168674698795183,1.0,0.9714285714285715,0.48571428571428577,0,2.0,1,108,1,1.0,-1.0
0,1.0,2.0,1.0,1.0,0.8421052631578947,1.6842105263157894,0,1.0,1,108,0,2.0,1.0
1,0.8433734939759037,1.2650602409638554,0.42168674698795183,1.0,0.958904109589041,1.4383561643835616,0,2.0,1,108,1,3.0,1.0
1,0.8433734939759037,1.6867469879518073,0.8433734939759037,1.0,0.935064935064935,1.87012987012987,1,2.0,1,108,1,4.0,2.0
0,1.0,1.0,0.0,1.0,0.85,0.85,1,1.0,1,108,0,1.0,0.0
0,1.0,0.0,-1.0,1.0,0.8999999999999999,0.0,0,1.0,2,108,0,0.0,-1.0
1,0.8433734939759037,2.108433734939759,1.2650602409638554,1.0,0.9024390243902439,2.2560975609756095,0,2.0,1,108,1,5.0,3.0
1,0.8433734939759037,1.2650602409638554,0.42168674698795183,1.0,0.8941176470588235,1.3411764705882352,1,2.0,1,108,1,3.0,1.0
0,0.8433734939759037,1.2650602409638554,0.42168674698795183,1.0,0.8863636363636364,1.3295454545454546,1,2.0,2,108,1,3.0,1.0
0,1.0,0.0,-1.0,1.0,0.9500000000000001,0.0,0,1.0,1,108,0,0.0,-1.0
1,0.8433734939759037,1.2650602409638554,0.42168674698795183,1.0,0.8791208791208791,1.3186813186813187,0,2.0,2,108,1,3.0,1.0
0,1.0,0.0,-1.0,1.0,1.0,0.0,1,1.0,2,108,0,0.0,-1.0
1,0.8433734939759037,0.8433734939759037,0.0,1.0,0.881720430107527,0.881720430107527,0,2.0,1,108,1,2.0,0.0
0,0.8433734939759037,0.42168674698795183,-0.42168674698795183,1.0,0.8936170212765957,0.44680851063829785,1,2.0,2,108,1,1.0,-1.0
0,0.8433734939759037,0.42168674698795183,-0.42168674698795183,1.0,0.9052631578947369,0.45263157894736844,100,2.0,2,108,1,1.0,-1.0
0,0.8433734939759037,1.2650602409638554,0.42168674698795183,1.0,0.8979591836734695,1.3469387755102042,0,2.0,2,108,1,3.0,1.0
0,0.8433734939759037,0.8433734939759037,0.0,1.0,0.8999999999999999,0.8999999999999999,0,2.0,2,108,1,2.0,0.0
0,0.8433734939759037,0.42168674698795183,-0.42168674698795183,1.0,0.9108910891089109,0.45544554455445546,0,2.0,2,108,1,1.0,-1.0
1,1.0,3.0,2.0,1.0,0.9130434782608695,2.7391304347826084,0,1.0,2,108,0,3.0,2.0
1,0.8433734939759037,1.6867469879518073,0.8433734939759037,1.0,0.8952380952380953,1.7904761904761906,1,2.0,1,108,1,4.0,2.0
0,0.8433734939759037,1.6867469879518073,0.8433734939759037,1.0,0.8807339449541284,1.7614678899082568,1,2.0,1,108,1,4.0,2.0
0,1.0,1.0,0.0,1.0,0.9166666666666667,0.9166666666666667,0,1.0,2,108,0,1.0,0.0
1,0.8433734939759037,1.6867469879518073,0.8433734939759037,1.0,0.8672566371681415,1.734513274336283,0,2.0,1,108,1,4.0,2.0
0,1.0,0.0,-1.0,1.0,0.9583333333333334,0.0,1,1.0,1,108,0,0.0,-1.0
0,1.0,0.0,-1.0,1.0,1.0,0.0,0,1.0,1,108,0,0.0,-1.0
0,0.8433734939759037,1.2650602409638554,0.42168674698795183,1.0,0.8620689655172414,1.293103448275862,0,2.0,1,108,1,3.0,1.0
0,0.8433734939759037,0.8433734939759037,0.0,1.0,0.8644067796610169,0.8644067796610169,0,2.0,2,108,1,2.0,0.0
1,0.8433734939759037,1.6867469879518073,0.8433734939759037,1.0,0.8524590163934426,1.7049180327868851,0,2.0,2,108,1,4.0,2.0
0,0.8433734939759037,0.42168674698795183,-0.42168674698795183,1.0,0.8617886178861788,0.4308943089430894,1,2.0,1,108,1,1.0,-1.0
0,0.8433734939759037,0.8433734939759037,0.0,1.0,0.864,0.864,0,2.0,1,108,1,2.0,0.0
0,0.8433734939759037,0.8433734939759037,0.0,1.0,0.8661417322834646,0.8661417322834646,0,2.0,2,108,1,2.0,0.0
1,0.8433734939759037,1.6867469879518073,0.8433734939759037,1.0,0.8549618320610687,1.7099236641221374,0,2.0,1,108,1,4.0,2.0
0,0.8433734939759037,0.8433734939759037,0.0,1.0,0.8571428571428571,0.8571428571428571,1,2.0,2,108,1,2.0,0.0
0,1.0,2.0,1.0,1.0,0.9615384615384615,1.923076923076923,0,1.0,2,108,0,2.0,1.0
1,0.8433734939759037,0.8433734939759037,0.0,1.0,0.8592592592592593,0.8592592592592593,0,2.0,1,108,1,2.0,0.0
0,0.8433734939759037,0.42168674698795183,-0.42168674698795183,1.0,0.8676470588235294,0.4338235294117647,1,2.0,1,108,1,1.0,-1.0
0,0.8433734939759037,0.42168674698795183,-0.42168674698795183,1.0,0.8759124087591241,0.43795620437956206,0,2.0,1,108,1,1.0,-1.0
1,0.8433734939759037,2.108433734939759,1.2650602409638554,1.0,0.8591549295774649,2.147887323943662,0,2.0,2,108,1,5.0,3.0
0,1.0,0.0,-1.0,1.0,1.0,0.0,1,1.0,1,108,0,0.0,-1.0
1,0.8433734939759037,1.6867469879518073,0.8433734939759037,1.0,0.8493150684931506,1.6986301369863013,0,2.0,1,108,1,4.0,2.0
1,1.0,2.0,1.0,1.0,0.9642857142857143,1.9285714285714286,1,1.0,1,108,0,2.0,1.0
1,0.8433734939759037,1.6867469879518073,0.8433734939759037,1.0,0.84,1.68,1,2.0,1,108,1,4.0,2.0
1,0.8433734939759037,1.6867469879518073,0.8433734939759037,1.0,0.8311688311688312,1.6623376623376624,1,2.0,1,108,1,4.0,2.0
0,0.8433734939759037,0.8433734939759037,0.0,1.0,0.8333333333333334,0.8333333333333334,1,2.0,1,108,1,2.0,0.0
0,0.8433734939759037,0.0,-0.8433734939759037,1.0,0.8461538461538461,0.0,0,2.0,2,108,1,0.0,-2.0
0,0.8433734939759037,0.8433734939759037,0.0,1.0,0.8481012658227848,0.8481012658227848,0,2.0,2,108,1,2.0,0.0
1,1.0,2.0,1.0,1.0,0.9333333333333333,1.8666666666666667,0,1.0,1,108,0,2.0,1.0
0,0.8433734939759037,0.42168674698795183,-0.42168674698795183,1.0,0.8553459119496855,0.42767295597484273,1,2.0,2,108,1,1.0,-1.0
1,0.8433734939759037,2.108433734939759,1.2650602409638554,1.0,0.8414634146341464,2.1036585365853657,0,2.0,1,108,1,5.0,3.0
1,1.0,1.0,0.0,1.0,0.935483870967742,0.935483870967742,1,1.0,1,108,0,1.0,0.0
0,1.0,0.0,-1.0,1.0,0.9677419354838709,0.0,1,1.0,2,108,0,0.0,-1.0
1,0.8433734939759037,1.2650602409638554,0.42168674698795183,1.0,0.8383233532934132,1.2574850299401197,0,2.0,2,108,1,3.0,1.0
0,1.0,0.0,-1.0,1.0,1.0,0.0,1,1.0,1,108,0,0.0,-1.0
1,0.8433734939759037,1.6867469879518073,0.8433734939759037,1.0,0.8304093567251463,1.6608187134502925,0,2.0,2,108,1,4.0,2.0
0,0.8433734939759037,0.0,-0.8433734939759037,1.0,0.8421052631578947,0.0,1,2.0,1,108,1,0.0,-2.0
0,0.8433734939759037,0.42168674698795183,-0.42168674698795183,1.0,0.8488372093023255,0.42441860465116277,0,2.0,2,108,1,1.0,-1.0
1,1.0,3.0,2.0,1.0,0.9411764705882353,2.823529411764706,0,1.0,2,108,0,3.0,2.0
1,0.8433734939759037,1.2650602409638554,0.42168674698795183,1.0,0.8457142857142858,1.2685714285714285,1,2.0,2,108,1,3.0,1.0
0,0.8433734939759037,0.42168674698795183,-0.42168674698795183,1.0,0.8522727272727273,0.42613636363636365,1,2.0,2,108,1,1.0,-1.0
0,1.0,2.0,1.0,1.0,0.9166666666666667,1.8333333333333335,0,1.0,2,108,0,2.0,1.0
1,0.8433734939759037,1.2650602409638554,0.42168674698795183,1.0,0.8491620111731844,1.2737430167597765,0,2.0,1,108,1,3.0,1.0
1,0.8433734939759037,1.2650602409638554,0.42168674698795183,1.0,0.8461538461538461,1.2692307692307692,1,2.0,1,108,1,3.0,1.0
1,1.0,1.0,0.0,1.0,0.918918918918919,0.918918918918919,1,1.0,2,108,0,1.0,0.0
1,0.8433734939759037,1.2650602409638554,0.42168674698795183,1.0,0.8432432432432433,1.2648648648648648,1,2.0,1,108,1,3.0,1.0
0,0.8433734939759037,0.42168674698795183,-0.42168674698795183,1.0,0.8494623655913978,0.4247311827956989,1,2.0,1,108,1,1.0,-1.0
1,0.8433734939759037,0.8433734939759037,0.0,1.0,0.851063829787234,0.851063829787234,0,2.0,2,108,1,2.0,0.0
1,0.8433734939759037,1.2650602409638554,0.42168674698795183,1.0,0.8481675392670158,1.2722513089005236,1,2.0,2,108,1,3.0,1.0
1,1.0,2.0,1.0,1.0,0.8974358974358974,1.7948717948717947,1,1.0,2,108,0,2.0,1.0
0,1.0,0.0,-1.0,1.0,0.9230769230769231,0.0,1,1.0,1,108,0,0.0,-1.0
1,0.8433734939759037,0.8433734939759037,0.0,1.0,0.8497409326424871,0.8497409326424871,0,2.0,1,108,1,2.0,0.0
0,1.0,1.0,0.0,1.0,0.9249999999999999,0.9249999999999999,1,1.0,1,108,0,1.0,0.0
0,1.0,0.0,-1.0,1.0,0.9500000000000001,0.0,0,1.0,2,108,0,0.0,-1.0
0,0.8433734939759037,0.42168674698795183,-0.42168674698795183,1.0,0.8556701030927835,0.42783505154639173,0,2.0,1,108,1,1.0,-1.0
0,0.8433734939759037,0.42168674698795183,-0.42168674698795183,1.0,0.8615384615384615,0.43076923076923074,0,2.0,2,108,1,1.0,-1.0
0,1.0,0.0,-1.0,1.0,0.9750000000000001,0.0,0,1.0,2,108,0,0.0,-1.0
0,1.0,0.0,-1.0,1.0,1.0,0.0,0,1.0,1,108,0,0.0,-1.0
1,0.8433734939759037,1.2650602409638554,0.42168674698795183,1.0,0.8585858585858586,1.2878787878787878,100,2.0,1,108,1,3.0,1.0
0,0.8433734939759037,0.8433734939759037,0.0,1.0,0.86,0.86,1,2.0,2,108,1,2.0,0.0
1,1.0,2.0,1.0,1.0,0.9761904761904762,1.9523809523809523,0,1.0,1,108,0,2.0,1.0
1,0.8433734939759037,1.2650602409638554,0.42168674698795183,1.0,0.8571428571428571,1.2857142857142856,1,2.0,2,108,1,3.0,1.0
0,0.8433734939759037,0.8433734939759037,0.0,1.0,0.8585365853658536,0.8585365853658536,1,2.0,2,108,1,2.0,0.0
0,0.8433734939759037,0.42168674698795183,-0.42168674698795183,1.0,0.8640776699029127,0.43203883495145634,0,2.0,1,108,1,1.0,-1.0
0,0.8433734939759037,0.8433734939759037,0.0,1.0,0.8653846153846154,0.8653846153846154,0,2.0,1,108,1,2.0,0.0
0,1.0,0.0,-1.0,1.0,1.0,0.0,0,1.0,1,108,0,0.0,-1.0
0,1.0,0.0,-1.0,1.0,1.023809523809524,0.0,0,1.0,2,108,0,0.0,-1.0
0,0.8433734939759037,0.8433734939759037,0.0,1.0,0.8666666666666667,0.8666666666666667,0,2.0,2,108,1,2.0,0.0
1,1.0,1.0,0.0,1.0,1.0232558139534884,1.0232558139534884,0,1.0,1,108,0,1.0,0.0
0,0.8433734939759037,0.42168674698795183,-0.42168674698795183,1.0,0.872037914691943,0.4360189573459715,1,2.0,2,108,1,1.0,-1.0
0,0.8433734939759037,0.8433734939759037,0.0,1.0,0.8732394366197183,0.8732394366197183,0,2.0,2,108,1,2.0,0.0
1,0.8433734939759037,2.108433734939759,1.2650602409638554,1.0,0.8623853211009175,2.1559633027522938,0,2.0,1,108,1,5.0,3.0
0,1.0,0.0,-1.0,1.0,1.0465116279069766,0.0,1,1.0,2,108,0,0.0,-1.0
1,0.8433734939759037,1.2650602409638554,0.42168674698795183,1.0,0.8597285067873303,1.2895927601809953,0,2.0,1,108,1,3.0,1.0
0,1.0,0.0,-1.0,1.0,1.069767441860465,0.0,1,1.0,2,108,0,0.0,-1.0
0,0.8433734939759037,1.2650602409638554,0.42168674698795183,1.0,0.8571428571428571,1.2857142857142856,0,2.0,1,108,1,3.0,1.0
0,0.8433734939759037,0.8433734939759037,0.0,1.0,0.8584070796460176,0.8584070796460176,0,2.0,1,108,1,2.0,0.0
1,0.8433734939759037,1.2650602409638554,0.42168674698795183,1.0,0.8558951965065503,1.2838427947598254,0,2.0,1,108,1,3.0,1.0
0,1.0,0.0,-1.0,1.0,1.0930232558139534,0.0,1,1.0,1,108,0,0.0,-1.0
0,0.8433734939759037,0.42168674698795183,-0.42168674698795183,1.0,0.8608695652173913,0.43043478260869567,0,2.0,2,108,1,1.0,-1.0
0,1.0,2.0,1.0,1.0,1.0666666666666667,2.1333333333333333,0,1.0,1,108,0,2.0,1.0
0,1.0,1.0,0.0,1.0,1.0652173913043477,1.0652173913043477,0,1.0,2,108,0,1.0,0.0
0,1.0,1.0,0.0,1.0,1.0638297872340425,1.0638297872340425,0,1.0,1,108,0,1.0,0.0
0,1.0,0.0,-1.0,1.0,1.0851063829787235,0.0,0,1.0,1,108,0,0.0,-1.0
0,0.8433734939759037,0.8433734939759037,0.0,1.0,0.8620689655172414,0.8620689655172414,0,2.0,1,108,1,2.0,0.0
1,0.8433734939759037,0.8433734939759037,0.0,1.0,0.8632478632478633,0.8632478632478633,0,2.0,2,108,1,2.0,0.0
1,0.8433734939759037,1.6867469879518073,0.8433734939759037,1.0,0.8571428571428571,1.7142857142857142,1,2.0,1,108,1,4.0,2.0
1,0.8433734939759037,0.8433734939759037,0.0,1.0,0.8583333333333334,0.8583333333333334,1,2.0,1,108,1,2.0,0.0
1,0.8433734939759037,1.2650602409638554,0.42168674698795183,1.0,0.8559670781893004,1.2839506172839505,1,2.0,1,108,1,3.0,1.0
1,0.8433734939759037,2.108433734939759,1.2650602409638554,1.0,0.8467741935483871,2.1169354838709675,1,2.0,2,108,1,5.0,3.0
1,0.8433734939759037,1.6867469879518073,0.8433734939759037,1.0,0.8412698412698413,1.6825396825396826,1,2.0,1,108,1,4.0,2.0
0,1.0,0.0,-1.0,1.0,1.1063829787234043,0.0,1,1.0,2,108,0,0.0,-1.0
1,0.8433734939759037,1.2650602409638554,0.42168674698795183,1.0,0.8392156862745097,1.2588235294117647,0,2.0,1,108,1,3.0,1.0
0,0.8433734939759037,0.8433734939759037,0.0,1.0,0.8404669260700388,0.8404669260700388,1,2.0,2,108,1,2.0,0.0
0,0.8433734939759037,0.8433734939759037,0.0,1.0,0.8416988416988417,0.8416988416988417,0,2.0,1,108,1,2.0,0.0
1,1.0,2.0,1.0,1.0,1.0816326530612246,2.163265306122449,0,1.0,2,108,0,2.0,1.0
1,1.0,3.0,2.0,1.0,1.0384615384615385,3.1153846153846154,1,1.0,1,108,0,3.0,2.0
0,0.8433734939759037,0.8433734939759037,0.0,1.0,0.842911877394636,0.842911877394636,1,2.0,1,108,1,2.0,0.0
0,0.8433734939759037,0.42168674698795183,-0.42168674698795183,1.0,0.8473282442748092,0.4236641221374046,0,2.0,1,108,1,1.0,-1.0
1,0.8433734939759037,1.2650602409638554,0.42168674698795183,1.0,0.8452830188679246,1.267924528301887,0,2.0,2,108,1,3.0,1.0
0,0.8433734939759037,0.42168674698795183,-0.42168674698795183,1.0,0.849624060150376,0.424812030075188,1,2.0,2,108,1,1.0,-1.0
1,1.0,3.0,2.0,1.0,1.0,3.0,0,1.0,2,108,0,3.0,2.0
0,1.0,0.0,-1.0,1.0,1.0181818181818183,0.0,1,1.0,1,108,0,0.0,-1.0
0,0.8433734939759037,0.42168674698795183,-0.42168674698795183,1.0,0.8539325842696629,0.42696629213483145,0,2.0,2,108,1,1.0,-1.0
1,0.8433734939759037,1.2650602409638554,0.42168674698795183,1.0,0.8518518518518517,1.2777777777777777,0,2.0,2,108,1,3.0,1.0
0,0.8433734939759037,0.8433734939759037,0.0,1.0,0.8529411764705883,0.8529411764705883,1,2.0,2,108,1,2.0,0.0
1,0.8433734939759037,1.6867469879518073,0.8433734939759037,1.0,0.8478260869565217,1.6956521739130435,0,2.0,2,108,1,4.0,2.0
0,1.0,0.0,-1.0,1.0,1.0363636363636364,0.0,1,1.0,2,108,0,0.0,-1.0
0,0.8433734939759037,0.8433734939759037,0.0,1.0,0.8489208633093526,0.8489208633093526,0,2.0,1,108,1,2.0,0.0
0,0.8433734939759037,1.2650602409638554,0.42168674698795183,1.0,0.8469750889679715,1.2704626334519573,0,2.0,2,108,1,3.0,1.0
1,0.8433734939759037,1.6867469879518073,0.8433734939759037,1.0,0.8421052631578947,1.6842105263157894,0,2.0,1,108,1,4.0,2.0
0,0.8433734939759037,0.8433734939759037,0.0,1.0,0.843205574912892,0.843205574912892,1,2.0,1,108,1,2.0,0.0
1,0.8433734939759037,1.2650602409638554,0.42168674698795183,1.0,0.8413793103448275,1.2620689655172412,0,2.0,2,108,1,3.0,1.0
0,1.0,2.0,1.0,1.0,1.0175438596491229,2.0350877192982457,1,1.0,1,108,0,2.0,1.0
1,0.8433734939759037,1.6867469879518073,0.8433734939759037,1.0,0.8367346938775511,1.6734693877551021,0,2.0,1,108,1,4.0,2.0
0,0.8433734939759037,1.2650602409638554,0.42168674698795183,1.0,0.8350168350168351,1.2525252525252526,1,2.0,2,108,1,3.0,1.0
0,0.8433734939759037,0.8433734939759037,0.0,1.0,0.8361204013377926,0.8361204013377926,0,2.0,2,108,1,2.0,0.0
1,0.8433734939759037,1.2650602409638554,0.42168674698795183,1.0,0.8344370860927153,1.2516556291390728,0,2.0,1,108,1,3.0,1.0
1,1.0,1.0,0.0,1.0,1.0172413793103448,1.0172413793103448,1,1.0,2,108,0,1.0,0.0
1,1.0,2.0,1.0,1.0,1.0,2.0,1,1.0,1,108,0,2.0,1.0
0,1.0,1.0,0.0,1.0,1.0,1.0,100,1.0,1,108,0,1.0,0.0
1,0.8433734939759037,0.8433734939759037,0.0,1.0,0.8355263157894737,0.8355263157894737,0,2.0,1,108,1,2.0,0.0
0,0.8433734939759037,0.8433734939759037,0.0,1.0,0.8366013071895425,0.8366013071895425,1,2.0,2,108,1,2.0,0.0
1,0.8433734939759037,1.6867469879518073,0.8433734939759037,1.0,0.832258064516129,1.664516129032258,0,2.0,1,108,1,4.0,2.0
0,0.8433734939759037,0.42168674698795183,-0.42168674698795183,1.0,0.8360128617363344,0.4180064308681672,1,2.0,2,108,1,1.0,-1.0
1,1.0,2.0,1.0,1.0,0.9841269841269842,1.9682539682539684,0,1.0,1,108,0,2.0,1.0
0,0.8433734939759037,0.8433734939759037,0.0,1.0,0.8370607028753994,0.8370607028753994,1,2.0,2,108,1,2.0,0.0
0,1.0,0.0,-1.0,1.0,1.0,0.0,0,1.0,1,108,0,0.0,-1.0
1,0.8433734939759037,0.8433734939759037,0.0,1.0,0.8380952380952381,0.8380952380952381,0,2.0,2,108,1,2.0,0.0
0,1.0,0.0,-1.0,1.0,1.0158730158730158,0.0,1,1.0,2,108,0,0.0,-1.0
0,0.8433734939759037,1.2650602409638554,0.42168674698795183,1.0,0.8364779874213836,1.2547169811320753,0,2.0,1,108,1,3.0,1.0
1,0.8433734939759037,1.2650602409638554,0.42168674698795183,1.0,0.8348909657320872,1.252336448598131,0,2.0,1,108,1,3.0,1.0
0,0.8433734939759037,0.42168674698795183,-0.42168674698795183,1.0,0.8385093167701863,0.4192546583850931,1,2.0,2,108,1,1.0,-1.0
1,1.0,1.0,0.0,1.0,1.015625,1.015625,100,1.0,1,108,0,1.0,0.0
0,1.0,0.0,-1.0,1.0,1.03125,0.0,1,1.0,2,108,0,0.0,-1.0
1,0.8433734939759037,1.6867469879518073,0.8433734939759037,1.0,0.8328267477203647,1.6656534954407294,0,2.0,1,108,1,4.0,2.0
0,0.8433734939759037,0.42168674698795183,-0.42168674698795183,1.0,0.8363636363636364,0.4181818181818182,1,2.0,2,108,1,1.0,-1.0
0,1.0,0.0,-1.0,1.0,1.046875,0.0,0,1.0,2,108,0,0.0,-1.0
0,0.8433734939759037,0.8433734939759037,0.0,1.0,0.8373493975903615,0.8373493975903615,0,2.0,1,108,1,2.0,0.0
0,0.8433734939759037,0.42168674698795183,-0.42168674698795183,1.0,0.8408408408408409,0.42042042042042044,0,2.0,2,108,1,1.0,-1.0
0,0.8433734939759037,0.8433734939759037,0.0,1.0,0.8417910447761194,0.8417910447761194,0,2.0,2,108,1,2.0,0.0
0,0.8433734939759037,1.6867469879518073,0.8433734939759037,1.0,0.8377581120943952,1.6755162241887904,0,2.0,2,108,1,4.0,2.0
1,0.8433734939759037,1.6867469879518073,0.8433734939759037,1.0,0.8338192419825072,1.6676384839650145,0,2.0,2,108,1,4.0,2.0
1,1.0,2.0,1.0,1.0,1.0303030303030303,2.0606060606060606,1,1.0,2,108,0,2.0,1.0
1,1.0,3.0,2.0,1.0,1.0,3.0,1,1.0,1,108,0,3.0,2.0
0,0.8433734939759037,0.8433734939759037,0.0,1.0,0.8347826086956521,0.8347826086956521,1,2.0,1,108,1,2.0,0.0
1,0.8433734939759037,1.2650602409638554,0.42168674698795183,1.0,0.8333333333333334,1.25,0,2.0,1,108,1,3.0,1.0
0,1.0,0.0,-1.0,1.0,1.0144927536231882,0.0,1,1.0,2,108,0,0.0,-1.0
0,0.8433734939759037,0.42168674698795183,-0.42168674698795183,1.0,0.836676217765043,0.4183381088825215,0,2.0,2,108,1,1.0,-1.0
1,0.8433734939759037,1.6867469879518073,0.8433734939759037,1.0,0.8328611898016998,1.6657223796033995,0,2.0,2,108,1,4.0,2.0
1,1.0,1.0,0.0,1.0,1.0142857142857142,1.0142857142857142,1,1.0,1,108,0,1.0,0.0
0,1.0,1.0,0.0,1.0,1.0140845070422535,1.0140845070422535,1,1.0,2,108,0,1.0,0.0
0,0.8433734939759037,0.0,-0.8433734939759037,1.0,0.8385269121813032,0.0,0,2.0,1,108,1,0.0,-2.0
0,1.0,0.0,-1.0,1.0,1.028169014084507,0.0,0,1.0,1,108,0,0.0,-1.0
0,0.8433734939759037,0.42168674698795183,-0.42168674698795183,1.0,0.8418079096045198,0.4209039548022599,0,2.0,1,108,1,1.0,-1.0
0,0.8433734939759037,0.42168674698795183,-0.42168674698795183,1.0,0.8450704225352113,0.4225352112676056,0,2.0,2,108,1,1.0,-1.0
0,0.8433734939759037,0.42168674698795183,-0.42168674698795183,1.0,0.848314606741573,0.4241573033707865,0,2.0,1,108,1,1.0,-1.0
0,0.8433734939759037,1.2650602409638554,0.42168674698795183,1.0,0.8467966573816156,1.2701949860724233,0,2.0,1,108,1,3.0,1.0
0,0.8433734939759037,1.2650602409638554,0.42168674698795183,1.0,0.8453038674033149,1.2679558011049723,0,2.0,1,108,1,3.0,1.0
0,1.0,0.0,-1.0,1.0,1.0422535211267605,0.0,0,1.0,1,108,0,0.0,-1.0
0,0.8433734939759037,0.42168674698795183,-0.42168674698795183,1.0,0.8484848484848485,0.42424242424242425,0,2.0,1,108,1,1.0,-1.0
0,0.8433734939759037,0.0,-0.8433734939759037,1.0,0.8539944903581268,0.0,0,2.0,2,108,1,0.0,-2.0
1,0.8433734939759037,2.108433734939759,1.2650602409638554,1.0,0.8478260869565217,2.119565217391304,0,2.0,2,108,1,5.0,3.0
0,0.8433734939759037,0.42168674698795183,-0.42168674698795183,1.0,0.8509485094850948,0.4254742547425474,1,2.0,2,108,1,1.0,-1.0
1,1.0,3.0,2.0,1.0,1.0135135135135136,3.0405405405405403,0,1.0,2,108,0,3.0,2.0
0,1.0,0.0,-1.0,1.0,1.027027027027027,0.0,1,1.0,2,108,0,0.0,-1.0
0,0.8433734939759037,0.42168674698795183,-0.42168674698795183,1.0,0.854054054054054,0.427027027027027,0,2.0,2,108,1,1.0,-1.0
0,0.8433734939759037,0.8433734939759037,0.0,1.0,0.8548387096774194,0.8548387096774194,0,2.0,2,108,1,2.0,0.0
0,1.0,2.0,1.0,1.0,1.013157894736842,2.026315789473684,0,1.0,2,108,0,2.0,1.0
1,0.8433734939759037,1.2650602409638554,0.42168674698795183,1.0,0.8533333333333334,1.28,0,2.0,1,108,1,3.0,1.0
1,0.8433734939759037,1.6867469879518073,0.8433734939759037,1.0,0.8496042216358839,1.6992084432717678,1,2.0,2,108,1,4.0,2.0
0,0.8433734939759037,0.0,-0.8433734939759037,1.0,0.8548812664907651,0.0,1,2.0,2,108,1,0.0,-2.0
1,0.8433734939759037,1.6867469879518073,0.8433734939759037,1.0,0.8511749347258485,1.702349869451697,0,2.0,2,108,1,4.0,2.0
0,0.8433734939759037,0.42168674698795183,-0.42168674698795183,1.0,0.8541666666666667,0.42708333333333337,1,2.0,2,108,1,1.0,-1.0
0,1.0,0.0,-1.0,1.0,1.0263157894736843,0.0,0,1.0,1,108,0,0.0,-1.0
1,1.0,2.0,1.0,1.0,1.0128205128205128,2.0256410256410255,0,1.0,2,108,0,2.0,1.0
0,0.8433734939759037,0.42168674698795183,-0.42168674698795183,1.0,0.8571428571428571,0.42857142857142855,1,2.0,1,108,1,1.0,-1.0
0,1.0,2.0,1.0,1.0,1.0,2.0,0,1.0,1,108,0,2.0,1.0
1,0.8433734939759037,1.6867469879518073,0.8433734939759037,1.0,0.853470437017995,1.70694087403599,0,2.0,2,108,1,4.0,2.0
1,0.8433734939759037,1.2650602409638554,0.42168674698795183,1.0,0.8520408163265306,1.278061224489796,1,2.0,2,108,1,3.0,1.0
0,0.8433734939759037,0.42168674698795183,-0.42168674698795183,1.0,0.8549618320610687,0.42748091603053434,1,2.0,2,108,1,1.0,-1.0
1,0.8433734939759037,1.6867469879518073,0.8433734939759037,1.0,0.8513853904282117,1.7027707808564234,100,2.0,2,108,1,4.0,2.0
1,1.0,1.0,0.0,1.0,1.0,1.0,1,1.0,2,108,0,1.0,0.0
1,0.8433734939759037,1.2650602409638554,0.42168674698795183,1.0,0.85,1.275,1,2.0,2,108,1,3.0,1.0
0,0.8433734939759037,0.8433734939759037,0.0,1.0,0.8507462686567163,0.8507462686567163,1,2.0,2,108,1,2.0,0.0
1,1.0,1.0,0.0,1.0,1.0,1.0,0,1.0,2,108,0,1.0,0.0
0,0.8433734939759037,0.8433734939759037,0.0,1.0,0.8514851485148515,0.8514851485148515,1,2.0,2,108,1,2.0,0.0
1,0.8433734939759037,1.6867469879518073,0.8433734939759037,1.0,0.8480392156862745,1.696078431372549,0,2.0,1,108,1,4.0,2.0
0,0.8433734939759037,0.8433734939759037,0.0,1.0,0.8487804878048781,0.8487804878048781,1,2.0,1,108,1,2.0,0.0
0,0.8433734939759037,0.42168674698795183,-0.42168674698795183,1.0,0.851581508515815,0.4257907542579075,0,2.0,1,108,1,1.0,-1.0
1,1.0,2.0,1.0,1.0,0.9880952380952381,1.9761904761904763,0,1.0,1,108,0,2.0,1.0
0,0.8433734939759037,1.2650602409638554,0.42168674698795183,1.0,0.8502415458937199,1.2753623188405798,1,2.0,2,108,1,3.0,1.0
0,0.8433734939759037,0.42168674698795183,-0.42168674698795183,1.0,0.8530120481927711,0.42650602409638555,0,2.0,1,108,1,1.0,-1.0
0,0.8433734939759037,0.42168674698795183,-0.42168674698795183,1.0,0.8557692307692308,0.4278846153846154,0,2.0,1,108,1,1.0,-1.0
0,1.0,0.0,-1.0,1.0,1.0,0.0,100,1.0,1,108,0,0.0,-1.0
0,1.0,0.0,-1.0,1.0,1.0119047619047619,0.0,0,1.0,2,108,0,0.0,-1.0
0,0.8433734939759037,0.42168674698795183,-0.42168674698795183,1.0,0.8591885441527446,0.4295942720763723,0,2.0,1,108,1,1.0,-1.0
1,0.8433734939759037,1.2650602409638554,0.42168674698795183,1.0,0.8578199052132701,1.2867298578199051,0,2.0,2,108,1,3.0,1.0
0,1.0,1.0,0.0,1.0,1.011764705882353,1.011764705882353,1,1.0,2,108,0,1.0,0.0
0,0.8433734939759037,1.2650602409638554,0.42168674698795183,1.0,0.8564705882352941,1.2847058823529411,0,2.0,2,108,1,3.0,1.0
0,1.0,0.0,-1.0,1.0,1.0235294117647058,0.0,0,1.0,1,108,0,0.0,-1.0
1,1.0,3.0,2.0,1.0,1.0,3.0,0,1.0,1,108,0,3.0,2.0
0,0.8433734939759037,0.8433734939759037,0.0,1.0,0.8571428571428571,0.8571428571428571,1,2.0,1,108,1,2.0,0.0
1,0.8433734939759037,1.6867469879518073,0.8433734939759037,1.0,0.8538283062645011,1.7076566125290022,0,2.0,1,108,1,4.0,2.0
0,1.0,0.0,-1.0,1.0,1.0113636363636365,0.0,1,1.0,2,108,0,0.0,-1.0
1,0.8433734939759037,1.2650602409638554,0.42168674698795183,1.0,0.8525345622119815,1.2788018433179724,0,2.0,1,108,1,3.0,1.0
0,1.0,0.0,-1.0,1.0,1.0227272727272727,0.0,1,1.0,2,108,0,0.0,-1.0
0,0.8433734939759037,0.0,-0.8433734939759037,1.0,0.8571428571428571,0.0,0,2.0,1,108,1,0.0,-2.0
0,0.8433734939759037,1.2650602409638554,0.42168674698795183,1.0,0.8558352402745996,1.2837528604118993,0,2.0,2,108,1,3.0,1.0
1,0.8433734939759037,2.108433734939759,1.2650602409638554,1.0,0.8506787330316743,2.1266968325791855,0,2.0,2,108,1,5.0,3.0
0,1.0,2.0,1.0,1.0,1.011111111111111,2.022222222222222,1,1.0,2,108,0,2.0,1.0
0,0.8433734939759037,0.42168674698795183,-0.42168674698795183,1.0,0.853273137697517,0.4266365688487585,0,2.0,2,108,1,1.0,-1.0
1,0.8433734939759037,1.2650602409638554,0.42168674698795183,1.0,0.8520179372197308,1.2780269058295963,0,2.0,1,108,1,3.0,1.0
0,0.8433734939759037,0.42168674698795183,-0.42168674698795183,1.0,0.854586129753915,0.4272930648769575,1,2.0,1,108,1,1.0,-1.0
0,1.0,0.0,-1.0,1.0,1.0222222222222221,0.0,0,1.0,1,108,0,0.0,-1.0
0,0.8433734939759037,0.42168674698795183,-0.42168674698795183,1.0,0.8571428571428571,0.42857142857142855,0,2.0,2,108,1,1.0,-1.0
0,1.0,0.0,-1.0,1.0,1.0333333333333332,0.0,0,1.0,2,108,0,0.0,-1.0
1,1.0,3.0,2.0,1.0,1.010752688172043,3.032258064516129,0,1.0,1,108,0,3.0,2.0
1,1.0,2.0,1.0,1.0,1.0,2.0,1,1.0,1,108,0,2.0,1.0
0,0.8433734939759037,1.2650602409638554,0.42168674698795183,1.0,0.8558758314855877,1.2838137472283815,1,2.0,1,108,1,3.0,1.0
1,0.8433734939759037,1.6867469879518073,0.8433734939759037,1.0,0.8527472527472527,1.7054945054945054,0,2.0,1,108,1,4.0,2.0
1,0.8433734939759037,2.108433734939759,1.2650602409638554,1.0,0.8478260869565217,2.119565217391304,1,2.0,2,108,1,5.0,3.0
1,0.8433734939759037,1.6867469879518073,0.8433734939759037,1.0,0.8448275862068966,1.6896551724137931,1,2.0,1,108,1,4.0,2.0
0,1.0,0.0,-1.0,1.0,1.0105263157894737,0.0,1,1.0,1,108,0,0.0,-1.0
0,1.0,0.0,-1.0,1.0,1.0210526315789474,0.0,0,1.0,1,108,0,0.0,-1.0
1,0.8433734939759037,0.8433734939759037,0.0,1.0,0.8454935622317595,0.8454935622317595,0,2.0,2,108,1,2.0,0.0
1,0.8433734939759037,1.6867469879518073,0.8433734939759037,1.0,0.8425531914893617,1.6851063829787234,1,2.0,2,108,1,4.0,2.0
0,0.8433734939759037,0.8433734939759037,0.0,1.0,0.8432203389830508,0.8432203389830508,1,2.0,1,108,1,2.0,0.0
0,1.0,2.0,1.0,1.0,1.0103092783505154,2.020618556701031,0,1.0,2,108,0,2.0,1.0
0,0.8433734939759037,1.2650602409638554,0.42168674698795183,1.0,0.8421052631578947,1.263157894736842,0,2.0,1,108,1,3.0,1.0
1,0.8433734939759037,1.2650602409638554,0.42168674698795183,1.0,0.8410041841004184,1.2615062761506275,0,2.0,2,108,1,3.0,1.0
0,1.0,2.0,1.0,1.0,1.0,2.0,1,1.0,2,108,0,2.0,1.0
0,0.8433734939759037,0.42168674698795183,-0.42168674698795183,1.0,0.8434237995824635,0.42171189979123175,0,2.0,2,108,1,1.0,-1.0
0,0.8433734939759037,1.2650602409638554,0.42168674698795183,1.0,0.8423236514522822,1.2634854771784232,0,2.0,1,108,1,3.0,1.0
0,1.0,1.0,0.0,1.0,1.0,1.0,0,1.0,2,108,0,1.0,0.0
1,0.8433734939759037,1.2650602409638554,0.42168674698795183,1.0,0.8412371134020619,1.2618556701030927,0,2.0,1,108,1,3.0,1.0
0,0.8433734939759037,0.42168674698795183,-0.42168674698795183,1.0,0.8436213991769548,0.4218106995884774,1,2.0,1,108,1,1.0,-1.0
1,0.8433734939759037,1.2650602409638554,0.42168674698795183,1.0,0.8425357873210634,1.2638036809815951,0,2.0,1,108,1,3.0,1.0
1,0.8433734939759037,1.6867469879518073,0.8433734939759037,1.0,0.8397565922920893,1.6795131845841786,1,2.0,2,108,1,4.0,2.0
1,0.8433734939759037,0.8433734939759037,0.0,1.0,0.8404040404040404,0.8404040404040404,1,2.0,1,108,1,2.0,0.0
0,0.8433734939759037,0.8433734939759037,0.0,1.0,0.8410462776659959,0.8410462776659959,1,2.0,1,108,1,2.0,0.0
0,0.8433734939759037,0.42168674698795183,-0.42168674698795183,1.0,0.8433734939759037,0.42168674698795183,0,2.0,1,108,1,1.0,-1.0
1,0.5675675675675675,2.27027027027027,1.7027027027027029,2.0,0.25,1.0,100,1.0,2,108,1,4.0,3.0
1,0.5675675675675675,0.5675675675675675,0.0,2.0,0.4,0.4,1,1.0,2,108,1,1.0,0.0
0,0.5675675675675675,0.0,-0.5675675675675675,2.0,0.6,0.0,1,1.0,2,108,1,0.0,-1.0
0,0.5555555555555556,1.1111111111111112,0.5555555555555556,2.0,0.5,1.0,0,0.5,2,108,0,1.0,0.5
1,0.5555555555555556,3.333333333333333,2.7777777777777777,2.0,0.25,1.5,0,0.5,2,108,0,3.0,2.5
1,0.5675675675675675,2.8378378378378377,2.27027027027027,2.0,0.4,2.0,1,1.0,1,108,1,5.0,4.0
1,0.5675675675675675,1.7027027027027029,1.135135135135135,2.0,0.3846153846153846,1.1538461538461537,1,1.0,1,108,1,3.0,2.0
0,0.5675675675675675,0.5675675675675675,0.0,2.0,0.42857142857142855,0.42857142857142855,1,1.0,1,108,1,1.0,0.0
1,0.5555555555555556,1.1111111111111112,0.5555555555555556,2.0,0.3,0.6,0,0.5,2,108,0,1.0,0.5
0,0.5675675675675675,0.0,-0.5675675675675675,2.0,0.5,0.0,1,1.0,1,108,1,0.0,-1.0
0,0.5555555555555556,0.0,-0.5555555555555556,2.0,0.4,0.0,0,0.5,2,108,0,0.0,-0.5
0,0.5675675675675675,0.0,-0.5675675675675675,2.0,0.5714285714285714,0.0,0,1.0,1,108,1,0.0,-1.0
0,0.5675675675675675,0.5675675675675675,0.0,2.0,0.6,0.6,0,1.0,2,108,1,1.0,0.0
0,0.5555555555555556,0.0,-0.5555555555555556,2.0,0.5,0.0,0,0.5,1,108,0,0.0,-0.5
1,0.5675675675675675,2.8378378378378377,2.27027027027027,2.0,0.5,2.5,0,1.0,1,108,1,5.0,4.0
1,0.5555555555555556,0.0,-0.5555555555555556,2.0,0.6,0.0,1,0.5,1,108,0,0.0,-0.5
1,0.5555555555555556,0.0,-0.5555555555555556,2.0,0.7,0.0,1,0.5,2,108,0,0.0,-0.5
0,0.5675675675675675,0.0,-0.5675675675675675,2.0,0.55,0.0,1,1.0,1,108,1,0.0,-1.0
1,0.5675675675675675,1.7027027027027029,1.135135135135135,2.0,0.5217391304347826,1.5652173913043477,0,1.0,1,108,1,3.0,2.0
0,0.5675675675675675,0.0,-0.5675675675675675,2.0,0.5652173913043479,0.0,1,1.0,2,108,1,0.0,-1.0
1,0.5555555555555556,1.1111111111111112,0.5555555555555556,2.0,0.6666666666666666,1.3333333333333333,0,0.5,2,108,0,1.0,0.5
0,0.5555555555555556,1.1111111111111112,0.5555555555555556,2.0,0.6428571428571428,1.2857142857142856,1,0.5,2,108,0,1.0,0.5
1,0.5675675675675675,1.135135135135135,0.5675675675675675,2.0,0.5599999999999999,1.1199999999999999,0,1.0,2,108,1,2.0,1.0
1,0.5675675675675675,0.0,-0.5675675675675675,2.0,0.6,0.0,1,1.0,1,108,1,0.0,-1.0
1,0.5675675675675675,1.7027027027027029,1.135135135135135,2.0,0.5714285714285714,1.7142857142857142,1,1.0,2,108,1,3.0,2.0
0,0.5675675675675675,0.0,-0.5675675675675675,2.0,0.6071428571428572,0.0,1,1.0,2,108,1,0.0,-1.0
1,0.5675675675675675,1.135135135135135,0.5675675675675675,2.0,0.6,1.2,0,1.0,1,108,1,2.0,1.0
0,0.5555555555555556,0.0,-0.5555555555555556,2.0,0.7142857142857143,0.0,1,0.5,2,108,0,0.0,-0.5
1,0.5675675675675675,2.8378378378378377,2.27027027027027,2.0,0.5428571428571428,2.7142857142857144,0,1.0,1,108,1,5.0,4.0
1,0.5675675675675675,1.7027027027027029,1.135135135135135,2.0,0.5263157894736842,1.5789473684210527,1,1.0,1,108,1,3.0,2.0
1,0.5675675675675675,1.7027027027027029,1.135135135135135,2.0,0.5121951219512195,1.5365853658536586,1,1.0,2,108,1,3.0,2.0
1,0.5675675675675675,2.27027027027027,1.7027027027027029,2.0,0.4888888888888889,1.9555555555555555,1,1.0,2,108,1,4.0,3.0
1,0.5675675675675675,1.135135135135135,0.5675675675675675,2.0,0.4893617021276595,0.978723404255319,1,1.0,2,108,1,2.0,1.0
1,0.5675675675675675,1.7027027027027029,1.135135135135135,2.0,0.48,1.44,1,1.0,1,108,1,3.0,2.0
0,0.5675675675675675,0.0,-0.5675675675675675,2.0,0.5,0.0,1,1.0,2,108,1,0.0,-1.0
0,0.5675675675675675,0.0,-0.5675675675675675,2.0,0.52,0.0,0,1.0,1,108,1,0.0,-1.0
1,0.5555555555555556,1.1111111111111112,0.5555555555555556,2.0,0.6875,1.375,0,0.5,1,108,0,1.0,0.5
0,0.5555555555555556,0.0,-0.5555555555555556,2.0,0.75,0.0,1,0.5,1,108,0,0.0,-0.5
0,0.5675675675675675,0.0,-0.5675675675675675,2.0,0.54,0.0,0,1.0,1,108,1,0.0,-1.0
0,0.5675675675675675,0.0,-0.5675675675675675,2.0,0.5599999999999999,0.0,0,1.0,2,108,1,0.0,-1.0
0,0.5675675675675675,0.5675675675675675,0.0,2.0,0.5686274509803921,0.5686274509803921,0,1.0,1,108,1,1.0,0.0
0,0.5555555555555556,0.0,-0.5555555555555556,2.0,0.8125,0.0,0,0.5,2,108,0,0.0,-0.5
0,0.5675675675675675,0.0,-0.5675675675675675,2.0,0.5849056603773585,0.0,100,1.0,2,108,1,0.0,-1.0
1,0.5555555555555556,3.333333333333333,2.7777777777777777,2.0,0.6363636363636364,3.8181818181818183,0,0.5,1,108,0,3.0,2.5
0,0.5675675675675675,0.5675675675675675,0.0,2.0,0.5925925925925926,0.5925925925925926,1,1.0,2,108,1,1.0,0.0
0,0.5555555555555556,0.0,-0.5555555555555556,2.0,0.6818181818181819,0.0,0,0.5,2,108,0,0.0,-0.5
1,0.5675675675675675,0.5675675675675675,0.0,2.0,0.6,0.6,0,1.0,2,108,1,1.0,0.0
0,0.5555555555555556,0.0,-0.5555555555555556,2.0,0.7272727272727273,0.0,1,0.5,1,108,0,0.0,-0.5
1,0.5555555555555556,3.333333333333333,2.7777777777777777,2.0,0.6071428571428572,3.6428571428571432,0,0.5,1,108,0,3.0,2.5
1,0.5675675675675675,1.7027027027027029,1.135135135135135,2.0,0.5862068965517242,1.7586206896551724,1,1.0,1,108,1,3.0,2.0
0,0.5675675675675675,0.0,-0.5675675675675675,2.0,0.603448275862069,0.0,1,1.0,2,108,1,0.0,-1.0
0,0.5555555555555556,0.0,-0.5555555555555556,2.0,0.6428571428571428,0.0,0,0.5,1,108,0,0.0,-0.5
1,0.5675675675675675,1.7027027027027029,1.135135135135135,2.0,0.5901639344262295,1.7704918032786885,0,1.0,2,108,1,3.0,2.0
1,0.5675675675675675,0.0,-0.5675675675675675,2.0,0.6065573770491803,0.0,1,1.0,2,108,1,0.0,-1.0
1,0.5675675675675675,1.7027027027027029,1.135135135135135,2.0,0.59375,1.78125,1,1.0,2,108,1,3.0,2.0
1,0.5675675675675675,2.27027027027027,1.7027027027027029,2.0,0.5735294117647058,2.2941176470588234,1,1.0,1,108,1,4.0,3.0
0,0.5675675675675675,0.0,-0.5675675675675675,2.0,0.5882352941176471,0.0,1,1.0,1,108,1,0.0,-1.0
1,0.5555555555555556,3.333333333333333,2.7777777777777777,2.0,0.5588235294117647,3.3529411764705883,0,0.5,1,108,0,3.0,2.5
1,0.5675675675675675,1.7027027027027029,1.135135135135135,2.0,0.5774647887323944,1.732394366197183,1,1.0,2,108,1,3.0,2.0
1,0.5555555555555556,1.1111111111111112,0.5555555555555556,2.0,0.5555555555555556,1.1111111111111112,1,0.5,1,108,0,1.0,0.5
0,0.5675675675675675,1.135135135135135,0.5675675675675675,2.0,0.5753424657534246,1.1506849315068493,1,1.0,2,108,1,2.0,1.0
0,0.5675675675675675,0.0,-0.5675675675675675,2.0,0.589041095890411,0.0,100,1.0,1,108,1,0.0,-1.0
1,0.5675675675675675,1.7027027027027029,1.135135135135135,2.0,0.5789473684210527,1.736842105263158,0,1.0,2,108,1,3.0,2.0
1,0.5675675675675675,1.135135135135135,0.5675675675675675,2.0,0.5769230769230769,1.1538461538461537,1,1.0,2,108,1,2.0,1.0
1,0.5675675675675675,1.7027027027027029,1.135135135135135,2.0,0.5679012345679012,1.7037037037037037,1,1.0,1,108,1,3.0,2.0
1,0.5675675675675675,1.7027027027027029,1.135135135135135,2.0,0.5595238095238095,1.6785714285714286,1,1.0,2,108,1,3.0,2.0
0,0.5675675675675675,0.5675675675675675,0.0,2.0,0.5647058823529412,0.5647058823529412,1,1.0,2,108,1,1.0,0.0
0,0.5675675675675675,0.0,-0.5675675675675675,2.0,0.5764705882352942,0.0,0,1.0,1,108,1,0.0,-1.0
1,0.5675675675675675,1.135135135135135,0.5675675675675675,2.0,0.5747126436781609,1.1494252873563218,0,1.0,1,108,1,2.0,1.0
1,0.5675675675675675,2.27027027027027,1.7027027027027029,2.0,0.5604395604395604,2.241758241758242,1,1.0,1,108,1,4.0,3.0
1,0.5675675675675675,1.7027027027027029,1.135135135135135,2.0,0.5531914893617021,1.6595744680851063,1,1.0,1,108,1,3.0,2.0
1,0.5555555555555556,1.1111111111111112,0.5555555555555556,2.0,0.5526315789473684,1.1052631578947367,1,0.5,2,108,0,1.0,0.5
0,0.5555555555555556,0.0,-0.5555555555555556,2.0,0.5789473684210527,0.0,1,0.5,2,108,0,0.0,-0.5
1,0.5675675675675675,1.135135135135135,0.5675675675675675,2.0,0.5520833333333334,1.1041666666666667,0,1.0,2,108,1,2.0,1.0
0,0.5555555555555556,0.0,-0.5555555555555556,2.0,0.6052631578947368,0.0,1,0.5,2,108,0,0.0,-0.5
0,0.5555555555555556,0.0,-0.5555555555555556,2.0,0.6315789473684211,0.0,0,0.5,2,108,0,0.0,-0.5
1,0.5675675675675675,1.7027027027027029,1.135135135135135,2.0,0.5454545454545455,1.6363636363636365,0,1.0,1,108,1,3.0,2.0
1,0.5675675675675675,2.8378378378378377,2.27027027027027,2.0,0.5288461538461539,2.644230769230769,1,1.0,2,108,1,5.0,4.0
0,0.5675675675675675,0.0,-0.5675675675675675,2.0,0.5384615384615384,0.0,1,1.0,2,108,1,0.0,-1.0
1,0.5675675675675675,2.27027027027027,1.7027027027027029,2.0,0.5277777777777778,2.111111111111111,0,1.0,1,108,1,4.0,3.0
1,0.5555555555555556,1.1111111111111112,0.5555555555555556,2.0,0.625,1.25,1,0.5,2,108,0,1.0,0.5
1,0.5675675675675675,0.5675675675675675,0.0,2.0,0.5321100917431192,0.5321100917431192,1,1.0,2,108,1,1.0,0.0
1,0.5555555555555556,3.333333333333333,2.7777777777777777,2.0,0.5652173913043479,3.391304347826087,1,0.5,2,108,0,3.0,2.5
1,0.5675675675675675,2.27027027027027,1.7027027027027029,2.0,0.5221238938053098,2.088495575221239,1,1.0,2,108,1,4.0,3.0
1,0.5675675675675675,1.135135135135135,0.5675675675675675,2.0,0.5217391304347826,1.0434782608695652,1,1.0,2,108,1,2.0,1.0
0,0.5555555555555556,0.0,-0.5555555555555556,2.0,0.5869565217391304,0.0,1,0.5,1,108,0,0.0,-0.5
1,0.5675675675675675,0.5675675675675675,0.0,2.0,0.5258620689655172,0.5258620689655172,0,1.0,1,108,1,1.0,0.0
0,0.5555555555555556,0.0,-0.5555555555555556,2.0,0.6086956521739131,0.0,1,0.5,1,108,0,0.0,-0.5
0,0.5555555555555556,0.0,-0.5555555555555556,2.0,0.6304347826086957,0.0,0,0.5,1,108,0,0.0,-0.5
0,0.5675675675675675,0.0,-0.5675675675675675,2.0,0.5344827586206897,0.0,0,1.0,2,108,1,0.0,-1.0
1,0.5675675675675675,1.7027027027027029,1.135135135135135,2.0,0.5294117647058824,1.5882352941176472,0,1.0,1,108,1,3.0,2.0
0,0.5675675675675675,0.0,-0.5675675675675675,2.0,0.5378151260504201,0.0,1,1.0,1,108,1,0.0,-1.0
1,0.5675675675675675,1.7027027027027029,1.135135135135135,2.0,0.5327868852459017,1.598360655737705,0,1.0,1,108,1,3.0,2.0
1,0.5675675675675675,2.8378378378378377,2.27027027027027,2.0,0.5196850393700787,2.5984251968503935,1,1.0,1,108,1,5.0,4.0
1,0.5555555555555556,1.1111111111111112,0.5555555555555556,2.0,0.625,1.25,1,0.5,1,108,0,1.0,0.5
0,0.5555555555555556,1.1111111111111112,0.5555555555555556,2.0,0.62,1.24,1,0.5,1,108,0,1.0,0.5
0,0.5675675675675675,0.0,-0.5675675675675675,2.0,0.5275590551181103,0.0,0,1.0,2,108,1,0.0,-1.0
0,0.5675675675675675,0.5675675675675675,0.0,2.0,0.53125,0.53125,0,1.0,1,108,1,1.0,0.0
1,0.5675675675675675,1.7027027027027029,1.135135135135135,2.0,0.5267175572519084,1.5801526717557253,0,1.0,1,108,1,3.0,2.0
1,0.5675675675675675,0.5675675675675675,0.0,2.0,0.5303030303030303,0.5303030303030303,1,1.0,2,108,1,1.0,0.0
1,0.5675675675675675,1.135135135135135,0.5675675675675675,2.0,0.5298507462686567,1.0597014925373134,1,1.0,2,108,1,2.0,1.0
1,0.5675675675675675,2.27027027027027,1.7027027027027029,2.0,0.5217391304347826,2.0869565217391304,1,1.0,1,108,1,4.0,3.0
0,0.5555555555555556,0.0,-0.5555555555555556,2.0,0.64,0.0,1,0.5,1,108,0,0.0,-0.5
0,0.5675675675675675,0.0,-0.5675675675675675,2.0,0.5289855072463768,0.0,0,1.0,1,108,1,0.0,-1.0
1,0.5555555555555556,3.333333333333333,2.7777777777777777,2.0,0.5892857142857143,3.5357142857142856,0,0.5,1,108,0,3.0,2.5
0,0.5675675675675675,0.0,-0.5675675675675675,2.0,0.536231884057971,0.0,1,1.0,2,108,1,0.0,-1.0
1,0.5675675675675675,1.7027027027027029,1.135135135135135,2.0,0.5319148936170213,1.595744680851064,0,1.0,1,108,1,3.0,2.0
1,0.5675675675675675,3.4054054054054057,2.8378378378378377,2.0,0.5170068027210885,3.102040816326531,1,1.0,2,108,1,6.0,5.0
0,0.5675675675675675,0.0,-0.5675675675675675,2.0,0.5238095238095238,0.0,1,1.0,2,108,1,0.0,-1.0
0,0.5675675675675675,0.0,-0.5675675675675675,2.0,0.5306122448979592,0.0,0,1.0,1,108,1,0.0,-1.0
1,0.5555555555555556,0.0,-0.5555555555555556,2.0,0.6071428571428572,0.0,0,0.5,1,108,0,0.0,-0.5
0,0.5555555555555556,0.0,-0.5555555555555556,2.0,0.625,0.0,1,0.5,1,108,0,0.0,-0.5
1,0.5675675675675675,1.7027027027027029,1.135135135135135,2.0,0.5266666666666667,1.58,0,1.0,1,108,1,3.0,2.0
0,0.5555555555555556,1.1111111111111112,0.5555555555555556,2.0,0.6206896551724138,1.2413793103448276,1,0.5,1,108,0,1.0,0.5
0,0.5675675675675675,0.0,-0.5675675675675675,2.0,0.5333333333333333,0.0,0,1.0,2,108,1,0.0,-1.0
1,0.5555555555555556,3.333333333333333,2.7777777777777777,2.0,0.578125,3.46875,0,0.5,1,108,0,3.0,2.5
1,0.5555555555555556,1.1111111111111112,0.5555555555555556,2.0,0.5757575757575757,1.1515151515151514,1,0.5,1,108,0,1.0,0.5
0,0.5555555555555556,0.0,-0.5555555555555556,2.0,0.5909090909090909,0.0,1,0.5,2,108,0,0.0,-0.5
1,0.5675675675675675,2.27027027027027,1.7027027027027029,2.0,0.525974025974026,2.103896103896104,0,1.0,1,108,1,4.0,3.0
1,0.5675675675675675,3.4054054054054057,2.8378378378378377,2.0,0.5125000000000001,3.075,1,1.0,2,108,1,6.0,5.0
0,0.5675675675675675,0.0,-0.5675675675675675,2.0,0.51875,0.0,1,1.0,2,108,1,0.0,-1.0
1,0.5675675675675675,1.7027027027027029,1.135135135135135,2.0,0.5153374233128835,1.5460122699386503,0,1.0,1,108,1,3.0,2.0
1,0.5555555555555556,3.333333333333333,2.7777777777777777,2.0,0.5555555555555556,3.333333333333333,1,0.5,2,108,0,3.0,2.5
0,0.5555555555555556,0.0,-0.5555555555555556,2.0,0.5694444444444444,0.0,100,0.5,2,108,0,0.0,-0.5
1,0.5675675675675675,1.7027027027027029,1.135135135135135,2.0,0.5120481927710844,1.536144578313253,0,1.0,2,108,1,3.0,2.0
1,0.5675675675675675,1.7027027027027029,1.135135135135135,2.0,0.5088757396449705,1.5266272189349113,1,1.0,2,108,1,3.0,2.0
1,0.5675675675675675,1.135135135135135,0.5675675675675675,2.0,0.5087719298245614,1.0175438596491229,1,1.0,2,108,1,2.0,1.0
1,0.5675675675675675,2.27027027027027,1.7027027027027029,2.0,0.5028571428571429,2.0114285714285716,1,1.0,2,108,1,4.0,3.0
0,0.5555555555555556,1.1111111111111112,0.5555555555555556,2.0,0.5675675675675675,1.135135135135135,1,0.5,1,108,0,1.0,0.5
1,0.5675675675675675,2.27027027027027,1.7027027027027029,2.0,0.49720670391061456,1.9888268156424582,0,1.0,1,108,1,4.0,3.0
1,0.5675675675675675,0.5675675675675675,0.0,2.0,0.5,0.5,1,1.0,2,108,1,1.0,0.0
1,0.5675675675675675,1.7027027027027029,1.135135135135135,2.0,0.4972677595628415,1.4918032786885247,1,1.0,1,108,1,3.0,2.0
0,0.5555555555555556,0.0,-0.5555555555555556,2.0,0.5810810810810811,0.0,1,0.5,1,108,0,0.0,-0.5
1,0.5555555555555556,3.333333333333333,2.7777777777777777,2.0,0.55,3.3000000000000003,0,0.5,1,108,0,3.0,2.5
1,0.5675675675675675,1.7027027027027029,1.135135135135135,2.0,0.49462365591397844,1.4838709677419355,1,1.0,1,108,1,3.0,2.0
0,0.5675675675675675,0.0,-0.5675675675675675,2.0,0.5,0.0,1,1.0,2,108,1,0.0,-1.0
0,0.5555555555555556,0.0,-0.5555555555555556,2.0,0.5625,0.0,0,0.5,2,108,0,0.0,-0.5
0,0.5675675675675675,0.5675675675675675,0.0,2.0,0.5026737967914439,0.5026737967914439,0,1.0,1,108,1,1.0,0.0
0,0.5555555555555556,0.0,-0.5555555555555556,2.0,0.5750000000000001,0.0,0,0.5,1,108,0,0.0,-0.5
0,0.5675675675675675,0.0,-0.5675675675675675,2.0,0.5080213903743316,0.0,0,1.0,2,108,1,0.0,-1.0
1,0.5555555555555556,3.333333333333333,2.7777777777777777,2.0,0.5465116279069767,3.2790697674418605,0,0.5,1,108,0,3.0,2.5
0,0.5675675675675675,0.5675675675675675,0.0,2.0,0.5106382978723405,0.5106382978723405,1,1.0,2,108,1,1.0,0.0
0,0.5555555555555556,0.0,-0.5555555555555556,2.0,0.5581395348837209,0.0,0,0.5,2,108,0,0.0,-0.5
0,0.5675675675675675,0.5675675675675675,0.0,2.0,0.5132275132275133,0.5132275132275133,0,1.0,1,108,1,1.0,0.0
1,0.5675675675675675,1.7027027027027029,1.135135135135135,2.0,0.5104166666666666,1.53125,0,1.0,1,108,1,3.0,2.0
1,0.5555555555555556,1.1111111111111112,0.5555555555555556,2.0,0.5568181818181818,1.1136363636363635,1,0.5,1,108,0,1.0,0.5
1,0.5675675675675675,2.27027027027027,1.7027027027027029,2.0,0.5051020408163265,2.020408163265306,1,1.0,2,108,1,4.0,3.0
1,0.5675675675675675,1.135135135135135,0.5675675675675675,2.0,0.5050505050505051,1.0101010101010102,1,1.0,1,108,1,2.0,1.0
1,0.5555555555555556,1.1111111111111112,0.5555555555555556,2.0,0.5555555555555556,1.1111111111111112,1,0.5,1,108,0,1.0,0.5
0,0.5675675675675675,0.0,-0.5675675675675675,2.0,0.51010101010101,0.0,1,1.0,1,108,1,0.0,-1.0
0,0.5675675675675675,0.0,-0.5675675675675675,2.0,0.5151515151515151,0.0,0,1.0,1,108,1,0.0,-1.0
1,0.5675675675675675,2.27027027027027,1.7027027027027029,2.0,0.5099009900990099,2.0396039603960396,0,1.0,1,108,1,4.0,3.0
1,0.5555555555555556,1.1111111111111112,0.5555555555555556,2.0,0.5543478260869565,1.108695652173913,1,0.5,1,108,0,1.0,0.5
1,0.5675675675675675,1.7027027027027029,1.135135135135135,2.0,0.5073170731707317,1.5219512195121951,1,1.0,2,108,1,3.0,2.0
0,0.5675675675675675,0.0,-0.5675675675675675,2.0,0.5121951219512195,0.0,1,1.0,2,108,1,0.0,-1.0
0,0.5675675675675675,0.5675675675675675,0.0,2.0,0.5145631067961165,0.5145631067961165,0,1.0,1,108,1,1.0,0.0
0,0.5555555555555556,1.1111111111111112,0.5555555555555556,2.0,0.5531914893617021,1.1063829787234043,0,0.5,2,108,0,1.0,0.5
0,0.5675675675675675,0.0,-0.5675675675675675,2.0,0.5194174757281553,0.0,0,1.0,1,108,1,0.0,-1.0
0,0.5555555555555556,0.0,-0.5555555555555556,2.0,0.5638297872340425,0.0,0,0.5,1,108,0,0.0,-0.5
1,0.5555555555555556,1.1111111111111112,0.5555555555555556,2.0,0.5625,1.125,0,0.5,2,108,0,1.0,0.5
1,0.5675675675675675,2.27027027027027,1.7027027027027029,2.0,0.5142857142857143,2.0571428571428574,1,1.0,2,108,1,4.0,3.0
0,0.5675675675675675,0.0,-0.5675675675675675,2.0,0.5190476190476191,0.0,1,1.0,1,108,1,0.0,-1.0
1,0.5555555555555556,3.333333333333333,2.7777777777777777,2.0,0.5392156862745098,3.235294117647059,0,0.5,2,108,0,3.0,2.5
0,0.5675675675675675,0.0,-0.5675675675675675,2.0,0.5238095238095238,0.0,1,1.0,1,108,1,0.0,-1.0
0,0.5675675675675675,0.0,-0.5675675675675675,2.0,0.5285714285714286,0.0,0,1.0,2,108,1,0.0,-1.0
1,0.5675675675675675,1.135135135135135,0.5675675675675675,2.0,0.5283018867924528,1.0566037735849056,0,1.0,2,108,1,2.0,1.0
0,0.5675675675675675,0.0,-0.5675675675675675,2.0,0.5330188679245282,0.0,1,1.0,2,108,1,0.0,-1.0
0,0.5555555555555556,0.0,-0.5555555555555556,2.0,0.5490196078431373,0.0,0,0.5,2,108,0,0.0,-0.5
1,0.5675675675675675,1.7027027027027029,1.135135135135135,2.0,0.5302325581395348,1.5906976744186045,0,1.0,2,108,1,3.0,2.0
0,0.5675675675675675,0.0,-0.5675675675675675,2.0,0.5348837209302325,0.0,1,1.0,1,108,1,0.0,-1.0
1,0.5675675675675675,2.27027027027027,1.7027027027027029,2.0,0.5296803652968036,2.1187214611872145,0,1.0,1,108,1,4.0,3.0
0,0.5675675675675675,0.0,-0.5675675675675675,2.0,0.5342465753424658,0.0,1,1.0,2,108,1,0.0,-1.0
0,0.5675675675675675,0.5675675675675675,0.0,2.0,0.5363636363636364,0.5363636363636364,0,1.0,1,108,1,1.0,0.0
1,0.5675675675675675,1.7027027027027029,1.135135135135135,2.0,0.5336322869955157,1.600896860986547,0,1.0,1,108,1,3.0,2.0
0,0.5555555555555556,0.0,-0.5555555555555556,2.0,0.5588235294117647,0.0,1,0.5,2,108,0,0.0,-0.5
0,0.5675675675675675,0.0,-0.5675675675675675,2.0,0.5381165919282511,0.0,0,1.0,2,108,1,0.0,-1.0
1,0.5675675675675675,2.27027027027027,1.7027027027027029,2.0,0.5330396475770925,2.13215859030837,0,1.0,2,108,1,4.0,3.0
0,0.5675675675675675,0.5675675675675675,0.0,2.0,0.5350877192982456,0.5350877192982456,1,1.0,1,108,1,1.0,0.0
1,0.5555555555555556,0.0,-0.5555555555555556,2.0,0.5686274509803921,0.0,0,0.5,1,108,0,0.0,-0.5
1,0.5675675675675675,1.135135135135135,0.5675675675675675,2.0,0.5347826086956522,1.0695652173913044,1,1.0,1,108,1,2.0,1.0
1,0.5675675675675675,0.5675675675675675,0.0,2.0,0.5367965367965368,0.5367965367965368,1,1.0,2,108,1,1.0,0.0
1,0.5675675675675675,1.135135135135135,0.5675675675675675,2.0,0.5364806866952789,1.0729613733905579,1,1.0,1,108,1,2.0,1.0
0,0.5675675675675675,0.0,-0.5675675675675675,2.0,0.5407725321888411,0.0,1,1.0,2,108,1,0.0,-1.0
1,0.5555555555555556,0.0,-0.5555555555555556,2.0,0.5784313725490196,0.0,0,0.5,2,108,0,0.0,-0.5
1,0.5555555555555556,3.333333333333333,2.7777777777777777,2.0,0.5555555555555556,3.333333333333333,1,0.5,1,108,0,3.0,2.5
1,0.5675675675675675,1.7027027027027029,1.135135135135135,2.0,0.538135593220339,1.6144067796610169,100,1.0,1,108,1,3.0,2.0
1,0.5555555555555556,0.0,-0.5555555555555556,2.0,0.5648148148148149,0.0,1,0.5,2,108,0,0.0,-0.5
1,0.5555555555555556,1.1111111111111112,0.5555555555555556,2.0,0.5636363636363636,1.1272727272727272,1,0.5,1,108,0,1.0,0.5
1,0.5675675675675675,0.5675675675675675,0.0,2.0,0.540084388185654,0.540084388185654,1,1.0,2,108,1,1.0,0.0
0,0.5555555555555556,0.0,-0.5555555555555556,2.0,0.5727272727272728,0.0,1,0.5,2,108,0,0.0,-0.5
1,0.5675675675675675,1.7027027027027029,1.135135135135135,2.0,0.5375,1.6125,0,1.0,1,108,1,3.0,2.0
0,0.5555555555555556,0.0,-0.5555555555555556,2.0,0.5818181818181818,0.0,1,0.5,1,108,0,0.0,-0.5
0,0.5555555555555556,0.0,-0.5555555555555556,2.0,0.5909090909090909,0.0,0,0.5,1,108,0,0.0,-0.5
0,0.5555555555555556,1.1111111111111112,0.5555555555555556,2.0,0.5892857142857143,1.1785714285714286,0,0.5,2,108,0,1.0,0.5
0,0.5555555555555556,0.0,-0.5555555555555556,2.0,0.5982142857142857,0.0,0,0.5,2,108,0,0.0,-0.5
0,0.5675675675675675,0.0,-0.5675675675675675,2.0,0.5416666666666666,0.0,0,1.0,1,108,1,0.0,-1.0
1,0.5675675675675675,1.7027027027027029,1.135135135135135,2.0,0.5390946502057613,1.6172839506172838,0,1.0,2,108,1,3.0,2.0
1,0.5675675675675675,1.135135135135135,0.5675675675675675,2.0,0.5387755102040817,1.0775510204081633,1,1.0,2,108,1,2.0,1.0
1,0.5675675675675675,0.5675675675675675,0.0,2.0,0.540650406504065,0.540650406504065,1,1.0,1,108,1,1.0,0.0
1,0.5675675675675675,1.135135135135135,0.5675675675675675,2.0,0.5403225806451613,1.0806451612903225,1,1.0,2,108,1,2.0,1.0
0,0.5555555555555556,0.0,-0.5555555555555556,2.0,0.6071428571428572,0.0,1,0.5,1,108,0,0.0,-0.5
1,0.5675675675675675,1.7027027027027029,1.135135135135135,2.0,0.5378486055776893,1.6135458167330679,0,1.0,2,108,1,3.0,2.0
1,0.5675675675675675,0.5675675675675675,0.0,2.0,0.5396825396825397,0.5396825396825397,1,1.0,1,108,1,1.0,0.0
1,0.5675675675675675,3.4054054054054057,2.8378378378378377,2.0,0.5310077519379846,3.1860465116279073,1,1.0,1,108,1,6.0,5.0
1,0.5675675675675675,1.7027027027027029,1.135135135135135,2.0,0.5287356321839081,1.5862068965517242,1,1.0,1,108,1,3.0,2.0
0,0.5555555555555556,1.1111111111111112,0.5555555555555556,2.0,0.6052631578947368,1.2105263157894737,1,0.5,1,108,0,1.0,0.5
0,0.5675675675675675,0.0,-0.5675675675675675,2.0,0.5325670498084291,0.0,0,1.0,2,108,1,0.0,-1.0
1,0.5675675675675675,2.27027027027027,1.7027027027027029,2.0,0.5283018867924528,2.1132075471698113,0,1.0,1,108,1,4.0,3.0
0,0.5675675675675675,0.0,-0.5675675675675675,2.0,0.5320754716981132,0.0,1,1.0,2,108,1,0.0,-1.0
0,0.5675675675675675,0.0,-0.5675675675675675,2.0,0.5358490566037736,0.0,0,1.0,1,108,1,0.0,-1.0
1,0.5555555555555556,3.333333333333333,2.7777777777777777,2.0,0.5833333333333334,3.5,0,0.5,1,108,0,3.0,2.5
0,0.5555555555555556,0.0,-0.5555555555555556,2.0,0.5916666666666667,0.0,1,0.5,1,108,0,0.0,-0.5
0,0.5555555555555556,0.0,-0.5555555555555556,2.0,0.6,0.0,0,0.5,2,108,0,0.0,-0.5
1,0.5555555555555556,3.333333333333333,2.7777777777777777,2.0,0.5793650793650793,3.4761904761904763,0,0.5,1,108,0,3.0,2.5
1,0.5675675675675675,1.7027027027027029,1.135135135135135,2.0,0.5335820895522388,1.6007462686567164,1,1.0,1,108,1,3.0,2.0
1,0.5675675675675675,1.135135135135135,0.5675675675675675,2.0,0.5333333333333333,1.0666666666666667,1,1.0,1,108,1,2.0,1.0
0,0.5675675675675675,0.0,-0.5675675675675675,2.0,0.5370370370370371,0.0,1,1.0,2,108,1,0.0,-1.0
1,0.5675675675675675,1.7027027027027029,1.135135135135135,2.0,0.5347985347985348,1.6043956043956045,0,1.0,1,108,1,3.0,2.0
0,0.5675675675675675,0.0,-0.5675675675675675,2.0,0.5384615384615384,0.0,1,1.0,2,108,1,0.0,-1.0
1,0.5675675675675675,1.135135135135135,0.5675675675675675,2.0,0.5381818181818182,1.0763636363636364,0,1.0,1,108,1,2.0,1.0
0,0.5675675675675675,0.5675675675675675,0.0,2.0,0.5398550724637681,0.5398550724637681,1,1.0,2,108,1,1.0,0.0
1,0.5675675675675675,1.135135135135135,0.5675675675675675,2.0,0.539568345323741,1.079136690647482,0,1.0,1,108,1,2.0,1.0
1,0.5555555555555556,3.333333333333333,2.7777777777777777,2.0,0.5606060606060607,3.3636363636363638,1,0.5,2,108,0,3.0,2.5
1,0.5555555555555556,1.1111111111111112,0.5555555555555556,2.0,0.5597014925373135,1.119402985074627,1,0.5,1,108,0,1.0,0.5
0,0.5675675675675675,0.0,-0.5675675675675675,2.0,0.5431654676258992,0.0,1,1.0,1,108,1,0.0,-1.0
1,0.5555555555555556,3.333333333333333,2.7777777777777777,2.0,0.5428571428571428,3.257142857142857,0,0.5,1,108,0,3.0,2.5
1,0.5555555555555556,0.0,-0.5555555555555556,2.0,0.55,0.0,1,0.5,2,108,0,0.0,-0.5
0,0.5675675675675675,0.0,-0.5675675675675675,2.0,0.5467625899280576,0.0,1,1.0,2,108,1,0.0,-1.0
1,0.5675675675675675,0.5675675675675675,0.0,2.0,0.5483870967741935,0.5483870967741935,0,1.0,2,108,1,1.0,0.0
0,0.5675675675675675,0.5675675675675675,0.0,2.0,0.55,0.55,1,1.0,1,108,1,1.0,0.0
0,0.5555555555555556,1.1111111111111112,0.5555555555555556,2.0,0.5492957746478874,1.0985915492957747,0,0.5,2,108,0,1.0,0.5
0,0.5675675675675675,0.5675675675675675,0.0,2.0,0.5516014234875445,0.5516014234875445,0,1.0,2,108,1,1.0,0.0
1,0.5675675675675675,1.135135135135135,0.5675675675675675,2.0,0.5512367491166078,1.1024734982332156,0,1.0,2,108,1,2.0,1.0
0,0.5675675675675675,1.135135135135135,0.5675675675675675,2.0,0.5508771929824561,1.1017543859649122,1,1.0,2,108,1,2.0,1.0
0,0.5675675675675675,0.0,-0.5675675675675675,2.0,0.5543859649122806,0.0,0,1.0,2,108,1,0.0,-1.0
0,0.5675675675675675,0.5675675675675675,0.0,2.0,0.5559440559440559,0.5559440559440559,0,1.0,1,108,1,1.0,0.0
1,0.5675675675675675,2.27027027027027,1.7027027027027029,2.0,0.5517241379310345,2.206896551724138,0,1.0,2,108,1,4.0,3.0
1,0.5675675675675675,1.7027027027027029,1.135135135135135,2.0,0.5494880546075085,1.6484641638225257,1,1.0,1,108,1,3.0,2.0
0,0.5675675675675675,0.5675675675675675,0.0,2.0,0.5510204081632653,0.5510204081632653,1,1.0,1,108,1,1.0,0.0
1,0.5675675675675675,0.5675675675675675,0.0,2.0,0.5525423728813559,0.5525423728813559,0,1.0,2,108,1,1.0,0.0
1,0.5555555555555556,1.1111111111111112,0.5555555555555556,2.0,0.5486111111111112,1.0972222222222223,1,0.5,1,108,0,1.0,0.5
1,0.5675675675675675,2.27027027027027,1.7027027027027029,2.0,0.5484949832775919,2.1939799331103678,1,1.0,1,108,1,4.0,3.0
0,0.5555555555555556,0.0,-0.5555555555555556,2.0,0.5555555555555556,0.0,1,0.5,2,108,0,0.0,-0.5
1,0.5675675675675675,1.7027027027027029,1.135135135135135,2.0,0.5463576158940397,1.6390728476821192,0,1.0,2,108,1,3.0,2.0
1,0.5675675675675675,3.4054054054054057,2.8378378378378377,2.0,0.538961038961039,3.2337662337662336,1,1.0,1,108,1,6.0,5.0
0,0.5675675675675675,0.0,-0.5675675675675675,2.0,0.5422077922077921,0.0,1,1.0,2,108,1,0.0,-1.0
1,0.5675675675675675,1.7027027027027029,1.135135135135135,2.0,0.540192926045016,1.6205787781350482,0,1.0,1,108,1,3.0,2.0
0,0.5675675675675675,0.5675675675675675,0.0,2.0,0.5416666666666666,0.5416666666666666,100,1.0,2,108,1,1.0,0.0
0,0.5555555555555556,1.1111111111111112,0.5555555555555556,2.0,0.5547945205479452,1.1095890410958904,0,0.5,2,108,0,1.0,0.5
1,0.5675675675675675,1.135135135135135,0.5675675675675675,2.0,0.5414012738853503,1.0828025477707006,0,1.0,2,108,1,2.0,1.0
0,0.5675675675675675,0.0,-0.5675675675675675,2.0,0.5445859872611465,0.0,1,1.0,2,108,1,0.0,-1.0
1,0.5555555555555556,3.333333333333333,2.7777777777777777,2.0,0.5394736842105263,3.2368421052631575,0,0.5,2,108,0,3.0,2.5
1,0.5675675675675675,1.7027027027027029,1.135135135135135,2.0,0.5425867507886436,1.6277602523659307,1,1.0,1,108,1,3.0,2.0
0,0.5675675675675675,0.0,-0.5675675675675675,2.0,0.5457413249211356,0.0,1,1.0,1,108,1,0.0,-1.0
1,0.5675675675675675,1.7027027027027029,1.135135135135135,2.0,0.54375,1.63125,0,1.0,1,108,1,3.0,2.0
1,0.5675675675675675,1.7027027027027029,1.135135135135135,2.0,0.541795665634675,1.6253869969040249,1,1.0,2,108,1,3.0,2.0
1,0.5675675675675675,0.5675675675675675,0.0,2.0,0.5432098765432098,0.5432098765432098,1,1.0,1,108,1,1.0,0.0
0,0.5675675675675675,0.0,-0.5675675675675675,2.0,0.5462962962962963,0.0,1,1.0,2,108,1,0.0,-1.0
0,0.5675675675675675,0.0,-0.5675675675675675,2.0,0.5493827160493827,0.0,0,1.0,1,108,1,0.0,-1.0
1,0.5675675675675675,1.7027027027027029,1.135135135135135,2.0,0.5474006116207951,1.6422018348623852,0,1.0,2,108,1,3.0,2.0
0,0.5555555555555556,0.0,-0.5555555555555556,2.0,0.5460526315789473,0.0,1,0.5,1,108,0,0.0,-0.5
1,0.5675675675675675,2.27027027027027,1.7027027027027029,2.0,0.5438066465256798,2.175226586102719,0,1.0,1,108,1,4.0,3.0
1,0.5675675675675675,2.27027027027027,1.7027027027027029,2.0,0.5402985074626866,2.1611940298507464,1,1.0,1,108,1,4.0,3.0
0,0.5675675675675675,0.5675675675675675,0.0,2.0,0.5416666666666666,0.5416666666666666,1,1.0,2,108,1,1.0,0.0
1,0.5675675675675675,1.7027027027027029,1.135135135135135,2.0,0.5398230088495575,1.6194690265486724,0,1.0,1,108,1,3.0,2.0
0,0.5675675675675675,0.0,-0.5675675675675675,2.0,0.5427728613569321,0.0,1,1.0,1,108,1,0.0,-1.0
1,0.5555555555555556,1.1111111111111112,0.5555555555555556,2.0,0.5454545454545455,1.090909090909091,0,0.5,2,108,0,1.0,0.5
0,0.5675675675675675,0.5675675675675675,0.0,2.0,0.5441176470588235,0.5441176470588235,1,1.0,2,108,1,1.0,0.0
0,0.5675675675675675,0.0,-0.5675675675675675,2.0,0.5470588235294118,0.0,0,1.0,2,108,1,0.0,-1.0
1,0.5555555555555556,0.0,-0.5555555555555556,2.0,0.551948051948052,0.0,0,0.5,2,108,0,0.0,-0.5
1,0.5555555555555556,0.0,-0.5555555555555556,2.0,0.5584415584415584,0.0,1,0.5,1,108,0,0.0,-0.5
1,0.5675675675675675,1.7027027027027029,1.135135135135135,2.0,0.5451895043731778,1.6355685131195334,1,1.0,2,108,1,3.0,2.0
0,0.5675675675675675,0.0,-0.5675675675675675,2.0,0.5481049562682215,0.0,1,1.0,2,108,1,0.0,-1.0
0,0.5555555555555556,0.0,-0.5555555555555556,2.0,0.564935064935065,0.0,0,0.5,1,108,0,0.0,-0.5
0,0.5675675675675675,0.0,-0.5675675675675675,2.0,0.5510204081632653,0.0,0,1.0,2,108,1,0.0,-1.0
0,0.5675675675675675,0.0,-0.5675675675675675,2.0,0.553935860058309,0.0,0,1.0,1,108,1,0.0,-1.0
1,0.5555555555555556,3.333333333333333,2.7777777777777777,2.0,0.55,3.3000000000000003,0,0.5,1,108,0,3.0,2.5
1,0.5555555555555556,1.1111111111111112,0.5555555555555556,2.0,0.5493827160493827,1.0987654320987654,1,0.5,2,108,0,1.0,0.5
0,0.5675675675675675,0.0,-0.5675675675675675,2.0,0.5568513119533528,0.0,1,1.0,2,108,1,0.0,-1.0
0,0.5675675675675675,0.0,-0.5675675675675675,2.0,0.5597667638483965,0.0,0,1.0,2,108,1,0.0,-1.0
0,0.5675675675675675,0.5675675675675675,0.0,2.0,0.561046511627907,0.561046511627907,0,1.0,1,108,1,1.0,0.0
0,0.5675675675675675,0.0,-0.5675675675675675,2.0,0.563953488372093,0.0,0,1.0,2,108,1,0.0,-1.0
1,0.5675675675675675,1.7027027027027029,1.135135135135135,2.0,0.5619596541786744,1.685878962536023,0,1.0,1,108,1,3.0,2.0
0,0.5555555555555556,1.1111111111111112,0.5555555555555556,2.0,0.5487804878048781,1.0975609756097562,1,0.5,1,108,0,1.0,0.5
1,0.5675675675675675,2.27027027027027,1.7027027027027029,2.0,0.5584045584045584,2.2336182336182335,0,1.0,1,108,1,4.0,3.0
0,0.5555555555555556,0.0,-0.5555555555555556,2.0,0.5548780487804877,0.0,1,0.5,1,108,0,0.0,-0.5
0,0.5555555555555556,1.1111111111111112,0.5555555555555556,2.0,0.5542168674698795,1.108433734939759,0,0.5,2,108,0,1.0,0.5
0,0.5555555555555556,0.0,-0.5555555555555556,2.0,0.5602409638554217,0.0,0,0.5,1,108,0,0.0,-0.5
0,0.5675675675675675,0.0,-0.5675675675675675,2.0,0.5612535612535613,0.0,0,1.0,2,108,1,0.0,-1.0
1,0.5555555555555556,3.333333333333333,2.7777777777777777,2.0,0.5465116279069767,3.2790697674418605,0,0.5,1,108,0,3.0,2.5
0,0.5675675675675675,0.0,-0.5675675675675675,2.0,0.5641025641025641,0.0,1,1.0,2,108,1,0.0,-1.0
0,0.5555555555555556,0.0,-0.5555555555555556,2.0,0.5523255813953488,0.0,0,0.5,1,108,0,0.0,-0.5
1,0.5675675675675675,0.5675675675675675,0.0,2.0,0.5653409090909091,0.5653409090909091,0,1.0,2,108,1,1.0,0.0
0,0.5555555555555556,0.0,-0.5555555555555556,2.0,0.5581395348837209,0.0,1,0.5,2,108,0,0.0,-0.5
0,0.5675675675675675,0.0,-0.5675675675675675,2.0,0.5681818181818182,0.0,0,1.0,2,108,1,0.0,-1.0
1,0.5675675675675675,2.27027027027027,1.7027027027027029,2.0,0.5646067415730337,2.258426966292135,0,1.0,1,108,1,4.0,3.0
1,0.5555555555555556,3.333333333333333,2.7777777777777777,2.0,0.5449438202247191,3.269662921348315,1,0.5,1,108,0,3.0,2.5
1,0.5675675675675675,2.8378378378378377,2.27027027027027,2.0,0.5595567867036011,2.7977839335180055,1,1.0,1,108,1,5.0,4.0
0,0.5675675675675675,0.5675675675675675,0.0,2.0,0.5607734806629834,0.5607734806629834,1,1.0,2,108,1,1.0,0.0
0,0.5555555555555556,0.0,-0.5555555555555556,2.0,0.5561797752808989,0.0,100,0.5,2,108,0,0.0,-0.5
0,0.5675675675675675,0.0,-0.5675675675675675,2.0,0.56353591160221,0.0,0,1.0,2,108,1,0.0,-1.0
0,0.5675675675675675,0.0,-0.5675675675675675,2.0,0.5662983425414364,0.0,0,1.0,2,108,1,0.0,-1.0
0,0.5675675675675675,0.5675675675675675,0.0,2.0,0.5674931129476584,0.5674931129476584,0,1.0,1,108,1,1.0,0.0
0,0.5675675675675675,0.0,-0.5675675675675675,2.0,0.5702479338842975,0.0,0,1.0,1,108,1,0.0,-1.0
1,0.5555555555555556,1.1111111111111112,0.5555555555555556,2.0,0.5555555555555556,1.1111111111111112,0,0.5,1,108,0,1.0,0.5
1,0.5675675675675675,1.135135135135135,0.5675675675675675,2.0,0.5698630136986301,1.1397260273972603,1,1.0,2,108,1,2.0,1.0
0,0.5675675675675675,0.5675675675675675,0.0,2.0,0.5710382513661202,0.5710382513661202,1,1.0,1,108,1,1.0,0.0
1,0.5675675675675675,2.27027027027027,1.7027027027027029,2.0,0.5675675675675675,2.27027027027027,0,1.0,2,108,1,4.0,3.0
0,1.1764705882352942,0.0,-1.1764705882352942,3.0,1.0,0.0,100,1.0,2,108,0,0.0,-1.0
0,0.6306306306306306,0.6306306306306306,0.0,3.0,1.0,1.0,0,1.0,2,108,1,1.0,0.0
0,1.1764705882352942,0.0,-1.1764705882352942,3.0,1.0,0.0,0,1.0,2,108,0,0.0,-1.0
1,0.6306306306306306,1.8918918918918919,1.2612612612612613,3.0,0.5,1.5,0,1.0,2,108,1,3.0,2.0
0,0.6306306306306306,0.0,-0.6306306306306306,3.0,0.75,0.0,1,1.0,2,108,1,0.0,-1.0
1,1.1764705882352942,3.5294117647058822,2.3529411764705883,3.0,1.0,3.0,0,1.0,1,108,0,3.0,2.0
1,0.6306306306306306,2.5225225225225225,1.8918918918918919,3.0,0.5,2.0,1,1.0,1,108,1,4.0,3.0
1,0.6306306306306306,1.8918918918918919,1.2612612612612613,3.0,0.45454545454545453,1.3636363636363635,1,1.0,1,108,1,3.0,2.0
1,0.6306306306306306,1.2612612612612613,0.6306306306306306,3.0,0.46153846153846156,0.9230769230769231,1,1.0,2,108,1,2.0,1.0
1,1.1764705882352942,3.5294117647058822,2.3529411764705883,3.0,0.6666666666666666,2.0,1,1.0,1,108,0,3.0,2.0
0,1.1764705882352942,0.0,-1.1764705882352942,3.0,0.8333333333333334,0.0,1,1.0,2,108,0,0.0,-1.0
0,0.6306306306306306,1.8918918918918919,1.2612612612612613,3.0,0.4375,1.3125,0,1.0,1,108,1,3.0,2.0
0,0.6306306306306306,0.0,-0.6306306306306306,3.0,0.5,0.0,0,1.0,2,108,1,0.0,-1.0
0,0.6306306306306306,0.6306306306306306,0.0,3.0,0.5294117647058824,0.5294117647058824,0,1.0,1,108,1,1.0,0.0
0,1.1764705882352942,0.0,-1.1764705882352942,3.0,1.0,0.0,0,1.0,1,108,0,0.0,-1.0
1,0.6306306306306306,1.2612612612612613,0.6306306306306306,3.0,0.5263157894736842,1.0526315789473684,0,1.0,1,108,1,2.0,1.0
0,0.6306306306306306,0.0,-0.6306306306306306,3.0,0.5789473684210527,0.0,1,1.0,2,108,1,0.0,-1.0
0,1.1764705882352942,0.0,-1.1764705882352942,3.0,1.1666666666666667,0.0,0,1.0,1,108,0,0.0,-1.0
1,0.6306306306306306,2.5225225225225225,1.8918918918918919,3.0,0.5217391304347826,2.0869565217391304,0,1.0,1,108,1,4.0,3.0
1,0.6306306306306306,0.6306306306306306,0.0,3.0,0.5416666666666666,0.5416666666666666,1,1.0,2,108,1,1.0,0.0
1,1.1764705882352942,3.5294117647058822,2.3529411764705883,3.0,0.8888888888888888,2.6666666666666665,1,1.0,2,108,0,3.0,2.0
1,0.6306306306306306,2.5225225225225225,1.8918918918918919,3.0,0.5,2.0,1,1.0,2,108,1,4.0,3.0
1,0.6306306306306306,1.8918918918918919,1.2612612612612613,3.0,0.48387096774193544,1.4516129032258063,1,1.0,2,108,1,3.0,2.0
1,0.6306306306306306,1.8918918918918919,1.2612612612612613,3.0,0.47058823529411764,1.411764705882353,1,1.0,1,108,1,3.0,2.0
0,1.1764705882352942,0.0,-1.1764705882352942,3.0,1.0,0.0,1,1.0,2,108,0,0.0,-1.0
1,0.6306306306306306,1.8918918918918919,1.2612612612612613,3.0,0.4594594594594595,1.3783783783783785,0,1.0,2,108,1,3.0,2.0
1,0.6306306306306306,0.6306306306306306,0.0,3.0,0.47368421052631576,0.47368421052631576,1,1.0,1,108,1,1.0,0.0
1,1.1764705882352942,2.3529411764705883,1.1764705882352942,3.0,0.9090909090909091,1.8181818181818181,1,1.0,2,108,0,2.0,1.0
1,0.6306306306306306,1.2612612612612613,0.6306306306306306,3.0,0.47500000000000003,0.9500000000000001,1,1.0,1,108,1,2.0,1.0
1,1.1764705882352942,1.1764705882352942,0.0,3.0,0.9166666666666667,0.9166666666666667,1,1.0,1,108,0,1.0,0.0
0,0.6306306306306306,1.2612612612612613,0.6306306306306306,3.0,0.47619047619047616,0.9523809523809523,1,1.0,2,108,1,2.0,1.0
1,0.6306306306306306,1.2612612612612613,0.6306306306306306,3.0,0.47727272727272724,0.9545454545454545,0,1.0,2,108,1,2.0,1.0
1,0.6306306306306306,2.5225225225225225,1.8918918918918919,3.0,0.45833333333333337,1.8333333333333335,1,1.0,2,108,1,4.0,3.0
1,1.1764705882352942,2.3529411764705883,1.1764705882352942,3.0,0.8571428571428571,1.7142857142857142,1,1.0,1,108,0,2.0,1.0
0,0.6306306306306306,0.0,-0.6306306306306306,3.0,0.4791666666666667,0.0,1,1.0,2,108,1,0.0,-1.0
0,1.1764705882352942,0.0,-1.1764705882352942,3.0,0.9285714285714286,0.0,0,1.0,1,108,0,0.0,-1.0
1,0.6306306306306306,3.1531531531531534,2.5225225225225225,3.0,0.45283018867924524,2.2641509433962264,0,1.0,1,108,1,5.0,4.0
1,0.6306306306306306,3.1531531531531534,2.5225225225225225,3.0,0.4310344827586207,2.1551724137931036,1,1.0,1,108,1,5.0,4.0
0,1.1764705882352942,0.0,-1.1764705882352942,3.0,1.0,0.0,1,1.0,1,108,0,0.0,-1.0
0,1.1764705882352942,2.3529411764705883,1.1764705882352942,3.0,0.9375,1.875,0,1.0,2,108,0,2.0,1.0
1,0.6306306306306306,0.6306306306306306,0.0,3.0,0.4406779661016949,0.4406779661016949,0,1.0,1,108,1,1.0,0.0
0,0.6306306306306306,0.0,-0.6306306306306306,3.0,0.4576271186440678,0.0,1,1.0,2,108,1,0.0,-1.0
1,0.6306306306306306,1.2612612612612613,0.6306306306306306,3.0,0.459016393442623,0.918032786885246,0,1.0,1,108,1,2.0,1.0
0,0.6306306306306306,0.0,-0.6306306306306306,3.0,0.4754098360655738,0.0,1,1.0,2,108,1,0.0,-1.0
1,0.6306306306306306,2.5225225225225225,1.8918918918918919,3.0,0.46153846153846156,1.8461538461538463,0,1.0,1,108,1,4.0,3.0
0,1.1764705882352942,0.0,-1.1764705882352942,3.0,1.0,0.0,1,1.0,2,108,0,0.0,-1.0
0,0.6306306306306306,0.0,-0.6306306306306306,3.0,0.47692307692307695,0.0,0,1.0,2,108,1,0.0,-1.0
0,0.6306306306306306,0.0,-0.6306306306306306,3.0,0.49230769230769234,0.0,0,1.0,2,108,1,0.0,-1.0
0,1.1764705882352942,0.0,-1.1764705882352942,3.0,1.0625,0.0,0,1.0,1,108,0,0.0,-1.0
1,0.6306306306306306,2.5225225225225225,1.8918918918918919,3.0,0.4782608695652174,1.9130434782608696,0,1.0,1,108,1,4.0,3.0
1,0.6306306306306306,0.6306306306306306,0.0,3.0,0.48571428571428577,0.48571428571428577,1,1.0,1,108,1,1.0,0.0
1,0.6306306306306306,0.6306306306306306,0.0,3.0,0.49295774647887325,0.49295774647887325,1,1.0,2,108,1,1.0,0.0
0,0.6306306306306306,0.6306306306306306,0.0,3.0,0.5,0.5,1,1.0,1,108,1,1.0,0.0
0,0.6306306306306306,0.6306306306306306,0.0,3.0,0.5068493150684932,0.5068493150684932,0,1.0,2,108,1,1.0,0.0
0,1.1764705882352942,0.0,-1.1764705882352942,3.0,1.125,0.0,0,1.0,2,108,0,0.0,-1.0
0,0.6306306306306306,0.0,-0.6306306306306306,3.0,0.5205479452054794,0.0,0,1.0,2,108,1,0.0,-1.0
1,0.6306306306306306,1.8918918918918919,1.2612612612612613,3.0,0.5131578947368421,1.5394736842105263,0,1.0,1,108,1,3.0,2.0
1,0.6306306306306306,1.2612612612612613,0.6306306306306306,3.0,0.5128205128205129,1.0256410256410258,1,1.0,1,108,1,2.0,1.0
0,0.6306306306306306,0.0,-0.6306306306306306,3.0,0.5256410256410257,0.0,1,1.0,1,108,1,0.0,-1.0
1,1.1764705882352942,1.1764705882352942,0.0,3.0,1.1176470588235294,1.1176470588235294,0,1.0,2,108,0,1.0,0.0
0,0.6306306306306306,0.0,-0.6306306306306306,3.0,0.5384615384615384,0.0,1,1.0,1,108,1,0.0,-1.0
0,1.1764705882352942,0.0,-1.1764705882352942,3.0,1.1764705882352942,0.0,0,1.0,2,108,0,0.0,-1.0
1,1.1764705882352942,1.1764705882352942,0.0,3.0,1.1666666666666667,1.1666666666666667,100,1.0,1,108,0,1.0,0.0
0,0.6306306306306306,0.0,-0.6306306306306306,3.0,0.5512820512820513,0.0,1,1.0,2,108,1,0.0,-1.0
1,1.1764705882352942,3.5294117647058822,2.3529411764705883,3.0,1.0476190476190477,3.142857142857143,0,1.0,2,108,0,3.0,2.0
1,0.6306306306306306,2.5225225225225225,1.8918918918918919,3.0,0.5365853658536586,2.1463414634146343,1,1.0,1,108,1,4.0,3.0
0,1.1764705882352942,0.0,-1.1764705882352942,3.0,1.0952380952380953,0.0,1,1.0,2,108,0,0.0,-1.0
0,1.1764705882352942,0.0,-1.1764705882352942,3.0,1.1428571428571428,0.0,0,1.0,2,108,0,0.0,-1.0
1,0.6306306306306306,3.1531531531531534,2.5225225225225225,3.0,0.5172413793103449,2.586206896551724,0,1.0,1,108,1,5.0,4.0
1,1.1764705882352942,3.5294117647058822,2.3529411764705883,3.0,1.0416666666666667,3.125,1,1.0,1,108,0,3.0,2.0
1,0.6306306306306306,2.5225225225225225,1.8918918918918919,3.0,0.5054945054945055,2.021978021978022,1,1.0,1,108,1,4.0,3.0
0,0.6306306306306306,0.0,-0.6306306306306306,3.0,0.5164835164835164,0.0,1,1.0,1,108,1,0.0,-1.0
0,1.1764705882352942,0.0,-1.1764705882352942,3.0,1.0833333333333333,0.0,0,1.0,2,108,0,0.0,-1.0
0,1.1764705882352942,0.0,-1.1764705882352942,3.0,1.125,0.0,0,1.0,2,108,0,0.0,-1.0
1,0.6306306306306306,1.8918918918918919,1.2612612612612613,3.0,0.5106382978723405,1.5319148936170213,0,1.0,2,108,1,3.0,2.0
1,0.6306306306306306,1.2612612612612613,0.6306306306306306,3.0,0.5104166666666666,1.0208333333333333,1,1.0,2,108,1,2.0,1.0
0,0.6306306306306306,0.0,-0.6306306306306306,3.0,0.5208333333333334,0.0,1,1.0,2,108,1,0.0,-1.0
1,1.1764705882352942,2.3529411764705883,1.1764705882352942,3.0,1.0769230769230769,2.1538461538461537,0,1.0,1,108,0,2.0,1.0
0,0.6306306306306306,0.6306306306306306,0.0,3.0,0.5257731958762887,0.5257731958762887,1,1.0,2,108,1,1.0,0.0
0,1.1764705882352942,2.3529411764705883,1.1764705882352942,3.0,1.0357142857142856,2.071428571428571,0,1.0,2,108,0,2.0,1.0
0,0.6306306306306306,0.6306306306306306,0.0,3.0,0.5306122448979592,0.5306122448979592,0,1.0,1,108,1,1.0,0.0
1,0.6306306306306306,2.5225225225225225,1.8918918918918919,3.0,0.5196078431372549,2.0784313725490198,0,1.0,2,108,1,4.0,3.0
1,1.1764705882352942,1.1764705882352942,0.0,3.0,1.0344827586206897,1.0344827586206897,1,1.0,2,108,0,1.0,0.0
0,0.6306306306306306,0.6306306306306306,0.0,3.0,0.5242718446601942,0.5242718446601942,1,1.0,2,108,1,1.0,0.0
1,1.1764705882352942,3.5294117647058822,2.3529411764705883,3.0,0.96875,2.90625,0,1.0,2,108,0,3.0,2.0
1,1.1764705882352942,2.3529411764705883,1.1764705882352942,3.0,0.9411764705882353,1.8823529411764706,1,1.0,2,108,0,2.0,1.0
0,0.6306306306306306,0.0,-0.6306306306306306,3.0,0.5339805825242718,0.0,1,1.0,1,108,1,0.0,-1.0
0,0.6306306306306306,0.0,-0.6306306306306306,3.0,0.5436893203883495,0.0,0,1.0,1,108,1,0.0,-1.0
0,1.1764705882352942,0.0,-1.1764705882352942,3.0,0.9705882352941176,0.0,0,1.0,1,108,0,0.0,-1.0
0,1.1764705882352942,0.0,-1.1764705882352942,3.0,1.0,0.0,0,1.0,1,108,0,0.0,-1.0
1,0.6306306306306306,1.8918918918918919,1.2612612612612613,3.0,0.5377358490566038,1.6132075471698113,0,1.0,2,108,1,3.0,2.0
0,0.6306306306306306,0.0,-0.6306306306306306,3.0,0.5471698113207547,0.0,1,1.0,1,108,1,0.0,-1.0
0,0.6306306306306306,1.2612612612612613,0.6306306306306306,3.0,0.5462962962962963,1.0925925925925926,0,1.0,1,108,1,2.0,1.0
1,0.6306306306306306,0.6306306306306306,0.0,3.0,0.5504587155963303,0.5504587155963303,0,1.0,1,108,1,1.0,0.0
0,0.6306306306306306,0.0,-0.6306306306306306,3.0,0.5596330275229358,0.0,1,1.0,1,108,1,0.0,-1.0
0,0.6306306306306306,0.6306306306306306,0.0,3.0,0.5636363636363636,0.5636363636363636,0,1.0,1,108,1,1.0,0.0
0,1.1764705882352942,0.0,-1.1764705882352942,3.0,1.0294117647058825,0.0,0,1.0,1,108,0,0.0,-1.0
0,0.6306306306306306,0.0,-0.6306306306306306,3.0,0.5727272727272728,0.0,0,1.0,2,108,1,0.0,-1.0
1,0.6306306306306306,1.8918918918918919,1.2612612612612613,3.0,0.5663716814159292,1.6991150442477876,0,1.0,1,108,1,3.0,2.0
1,1.1764705882352942,0.0,-1.1764705882352942,3.0,1.0588235294117647,0.0,1,1.0,1,108,0,0.0,-1.0
0,1.1764705882352942,0.0,-1.1764705882352942,3.0,1.088235294117647,0.0,1,1.0,2,108,0,0.0,-1.0
1,0.6306306306306306,3.1531531531531534,2.5225225225225225,3.0,0.5508474576271186,2.7542372881355934,0,1.0,2,108,1,5.0,4.0
1,0.6306306306306306,0.0,-0.6306306306306306,3.0,0.5593220338983051,0.0,1,1.0,1,108,1,0.0,-1.0
0,0.6306306306306306,0.0,-0.6306306306306306,3.0,0.5677966101694916,0.0,1,1.0,1,108,1,0.0,-1.0
1,0.6306306306306306,1.2612612612612613,0.6306306306306306,3.0,0.5666666666666667,1.1333333333333333,0,1.0,1,108,1,2.0,1.0
0,0.6306306306306306,0.0,-0.6306306306306306,3.0,0.5750000000000001,0.0,1,1.0,1,108,1,0.0,-1.0
1,0.6306306306306306,1.8918918918918919,1.2612612612612613,3.0,0.5691056910569106,1.7073170731707317,0,1.0,2,108,1,3.0,2.0
1,0.6306306306306306,1.8918918918918919,1.2612612612612613,3.0,0.5634920634920635,1.6904761904761905,1,1.0,1,108,1,3.0,2.0
1,0.6306306306306306,1.8918918918918919,1.2612612612612613,3.0,0.5581395348837209,1.6744186046511627,1,1.0,2,108,1,3.0,2.0
0,0.6306306306306306,0.0,-0.6306306306306306,3.0,0.5658914728682171,0.0,1,1.0,2,108,1,0.0,-1.0
1,0.6306306306306306,1.2612612612612613,0.6306306306306306,3.0,0.5648854961832062,1.1297709923664123,0,1.0,1,108,1,2.0,1.0
1,0.6306306306306306,1.2612612612612613,0.6306306306306306,3.0,0.5639097744360902,1.1278195488721805,1,1.0,1,108,1,2.0,1.0
1,0.6306306306306306,2.5225225225225225,1.8918918918918919,3.0,0.5547445255474452,2.218978102189781,1,1.0,1,108,1,4.0,3.0
1,0.6306306306306306,1.8918918918918919,1.2612612612612613,3.0,0.55,1.6500000000000001,1,1.0,1,108,1,3.0,2.0
1,0.6306306306306306,2.5225225225225225,1.8918918918918919,3.0,0.5416666666666666,2.1666666666666665,1,1.0,1,108,1,4.0,3.0
1,0.6306306306306306,0.6306306306306306,0.0,3.0,0.5448275862068965,0.5448275862068965,1,1.0,2,108,1,1.0,0.0
0,1.1764705882352942,0.0,-1.1764705882352942,3.0,1.1176470588235294,0.0,1,1.0,1,108,0,0.0,-1.0
1,0.6306306306306306,2.5225225225225225,1.8918918918918919,3.0,0.5369127516778524,2.1476510067114094,0,1.0,1,108,1,4.0,3.0
0,1.1764705882352942,0.0,-1.1764705882352942,3.0,1.1470588235294117,0.0,1,1.0,2,108,0,0.0,-1.0
1,0.6306306306306306,1.8918918918918919,1.2612612612612613,3.0,0.5328947368421053,1.598684210526316,0,1.0,1,108,1,3.0,2.0
1,0.6306306306306306,1.2612612612612613,0.6306306306306306,3.0,0.5324675324675325,1.064935064935065,1,1.0,2,108,1,2.0,1.0
0,1.1764705882352942,0.0,-1.1764705882352942,3.0,1.1764705882352942,0.0,1,1.0,2,108,0,0.0,-1.0
0,0.6306306306306306,0.0,-0.6306306306306306,3.0,0.538961038961039,0.0,0,1.0,1,108,1,0.0,-1.0
0,0.6306306306306306,0.0,-0.6306306306306306,3.0,0.5454545454545455,0.0,0,1.0,2,108,1,0.0,-1.0
0,0.6306306306306306,0.0,-0.6306306306306306,3.0,0.551948051948052,0.0,100,1.0,2,108,1,0.0,-1.0
0,0.6306306306306306,0.0,-0.6306306306306306,3.0,0.5584415584415584,0.0,0,1.0,2,108,1,0.0,-1.0
1,0.6306306306306306,1.8918918918918919,1.2612612612612613,3.0,0.554140127388535,1.6624203821656052,0,1.0,2,108,1,3.0,2.0
0,1.1764705882352942,0.0,-1.1764705882352942,3.0,1.2058823529411766,0.0,1,1.0,2,108,0,0.0,-1.0
1,0.6306306306306306,0.6306306306306306,0.0,3.0,0.5569620253164557,0.5569620253164557,0,1.0,2,108,1,1.0,0.0
0,1.1764705882352942,0.0,-1.1764705882352942,3.0,1.2352941176470589,0.0,1,1.0,1,108,0,0.0,-1.0
0,1.1764705882352942,0.0,-1.1764705882352942,3.0,1.2647058823529413,0.0,0,1.0,1,108,0,0.0,-1.0
1,0.6306306306306306,2.5225225225225225,1.8918918918918919,3.0,0.5493827160493827,2.197530864197531,0,1.0,2,108,1,4.0,3.0
0,0.6306306306306306,0.0,-0.6306306306306306,3.0,0.5555555555555556,0.0,1,1.0,1,108,1,0.0,-1.0
0,0.6306306306306306,0.0,-0.6306306306306306,3.0,0.5617283950617284,0.0,0,1.0,1,108,1,0.0,-1.0
1,0.6306306306306306,2.5225225225225225,1.8918918918918919,3.0,0.5542168674698795,2.216867469879518,0,1.0,1,108,1,4.0,3.0
1,0.6306306306306306,0.6306306306306306,0.0,3.0,0.5568862275449102,0.5568862275449102,1,1.0,1,108,1,1.0,0.0
0,1.1764705882352942,0.0,-1.1764705882352942,3.0,1.2941176470588236,0.0,1,1.0,2,108,0,0.0,-1.0
0,0.6306306306306306,0.0,-0.6306306306306306,3.0,0.562874251497006,0.0,0,1.0,2,108,1,0.0,-1.0
0,0.6306306306306306,0.0,-0.6306306306306306,3.0,0.5688622754491018,0.0,0,1.0,1,108,1,0.0,-1.0
0,0.6306306306306306,0.0,-0.6306306306306306,3.0,0.5748502994011976,0.0,0,1.0,1,108,1,0.0,-1.0
0,0.6306306306306306,0.0,-0.6306306306306306,3.0,0.5808383233532933,0.0,0,1.0,2,108,1,0.0,-1.0
1,0.6306306306306306,1.2612612612612613,0.6306306306306306,3.0,0.5798816568047337,1.1597633136094674,0,1.0,1,108,1,2.0,1.0
0,1.1764705882352942,0.0,-1.1764705882352942,3.0,1.3235294117647058,0.0,1,1.0,2,108,0,0.0,-1.0
1,0.6306306306306306,1.8918918918918919,1.2612612612612613,3.0,0.5755813953488372,1.7267441860465116,0,1.0,2,108,1,3.0,2.0
1,1.1764705882352942,1.1764705882352942,0.0,3.0,1.3142857142857143,1.3142857142857143,1,1.0,1,108,0,1.0,0.0
1,0.6306306306306306,0.0,-0.6306306306306306,3.0,0.5813953488372093,0.0,1,1.0,1,108,1,0.0,-1.0
0,0.6306306306306306,0.0,-0.6306306306306306,3.0,0.5872093023255814,0.0,1,1.0,1,108,1,0.0,-1.0
0,0.6306306306306306,0.0,-0.6306306306306306,3.0,0.5930232558139534,0.0,0,1.0,2,108,1,0.0,-1.0
0,1.1764705882352942,0.0,-1.1764705882352942,3.0,1.342857142857143,0.0,0,1.0,1,108,0,0.0,-1.0
1,0.6306306306306306,1.8918918918918919,1.2612612612612613,3.0,0.5885714285714286,1.7657142857142858,0,1.0,1,108,1,3.0,2.0
1,0.6306306306306306,0.6306306306306306,0.0,3.0,0.5909090909090909,0.5909090909090909,1,1.0,1,108,1,1.0,0.0
1,0.6306306306306306,2.5225225225225225,1.8918918918918919,3.0,0.5833333333333334,2.3333333333333335,1,1.0,1,108,1,4.0,3.0
1,0.6306306306306306,2.5225225225225225,1.8918918918918919,3.0,0.5760869565217391,2.3043478260869565,1,1.0,1,108,1,4.0,3.0
0,1.1764705882352942,0.0,-1.1764705882352942,3.0,1.3714285714285714,0.0,1,1.0,1,108,0,0.0,-1.0
0,0.6306306306306306,0.0,-0.6306306306306306,3.0,0.5815217391304348,0.0,0,1.0,2,108,1,0.0,-1.0
1,0.6306306306306306,1.8918918918918919,1.2612612612612613,3.0,0.5775401069518716,1.732620320855615,0,1.0,2,108,1,3.0,2.0
0,0.6306306306306306,0.0,-0.6306306306306306,3.0,0.5828877005347594,0.0,1,1.0,1,108,1,0.0,-1.0
1,1.1764705882352942,3.5294117647058822,2.3529411764705883,3.0,1.2894736842105263,3.868421052631579,0,1.0,2,108,0,3.0,2.0
1,0.6306306306306306,0.6306306306306306,0.0,3.0,0.5851063829787234,0.5851063829787234,1,1.0,1,108,1,1.0,0.0
1,0.6306306306306306,0.6306306306306306,0.0,3.0,0.5873015873015873,0.5873015873015873,1,1.0,1,108,1,1.0,0.0
1,0.6306306306306306,0.6306306306306306,0.0,3.0,0.5894736842105264,0.5894736842105264,1,1.0,2,108,1,1.0,0.0
0,1.1764705882352942,0.0,-1.1764705882352942,3.0,1.3157894736842106,0.0,1,1.0,2,108,0,0.0,-1.0
0,0.6306306306306306,0.0,-0.6306306306306306,3.0,0.5947368421052632,0.0,0,1.0,1,108,1,0.0,-1.0
0,0.6306306306306306,0.0,-0.6306306306306306,3.0,0.6,0.0,0,1.0,2,108,1,0.0,-1.0
0,0.6306306306306306,0.6306306306306306,0.0,3.0,0.6020942408376964,0.6020942408376964,0,1.0,1,108,1,1.0,0.0
1,0.6306306306306306,0.6306306306306306,0.0,3.0,0.6041666666666666,0.6041666666666666,0,1.0,2,108,1,1.0,0.0
1,0.6306306306306306,1.8918918918918919,1.2612612612612613,3.0,0.6,1.7999999999999998,1,1.0,2,108,1,3.0,2.0
1,0.6306306306306306,0.6306306306306306,0.0,3.0,0.6020408163265306,0.6020408163265306,1,1.0,2,108,1,1.0,0.0
0,0.6306306306306306,0.0,-0.6306306306306306,3.0,0.6071428571428572,0.0,1,1.0,2,108,1,0.0,-1.0
1,1.1764705882352942,1.1764705882352942,0.0,3.0,1.3076923076923077,1.3076923076923077,0,1.0,2,108,0,1.0,0.0
1,1.1764705882352942,3.5294117647058822,2.3529411764705883,3.0,1.2380952380952381,3.7142857142857144,1,1.0,1,108,0,3.0,2.0
1,0.6306306306306306,3.1531531531531534,2.5225225225225225,3.0,0.5970149253731343,2.9850746268656714,1,1.0,1,108,1,5.0,4.0
1,0.6306306306306306,1.2612612612612613,0.6306306306306306,3.0,0.5960591133004927,1.1921182266009853,1,1.0,2,108,1,2.0,1.0
0,1.1764705882352942,2.3529411764705883,1.1764705882352942,3.0,1.2045454545454546,2.409090909090909,1,1.0,1,108,0,2.0,1.0
0,1.1764705882352942,0.0,-1.1764705882352942,3.0,1.2272727272727273,0.0,0,1.0,1,108,0,0.0,-1.0
1,1.1764705882352942,2.3529411764705883,1.1764705882352942,3.0,1.1956521739130435,2.391304347826087,0,1.0,2,108,0,2.0,1.0
1,1.1764705882352942,2.3529411764705883,1.1764705882352942,3.0,1.1666666666666667,2.3333333333333335,1,1.0,2,108,0,2.0,1.0
1,0.6306306306306306,0.6306306306306306,0.0,3.0,0.5980392156862745,0.5980392156862745,1,1.0,2,108,1,1.0,0.0
1,1.1764705882352942,3.5294117647058822,2.3529411764705883,3.0,1.1176470588235294,3.3529411764705883,1,1.0,1,108,0,3.0,2.0
1,0.6306306306306306,1.2612612612612613,0.6306306306306306,3.0,0.5970873786407767,1.1941747572815533,1,1.0,1,108,1,2.0,1.0
1,0.6306306306306306,0.6306306306306306,0.0,3.0,0.5990338164251208,0.5990338164251208,1,1.0,1,108,1,1.0,0.0
0,0.6306306306306306,0.0,-0.6306306306306306,3.0,0.6038647342995169,0.0,1,1.0,2,108,1,0.0,-1.0
0,1.1764705882352942,0.0,-1.1764705882352942,3.0,1.1372549019607843,0.0,0,1.0,1,108,0,0.0,-1.0
1,0.6306306306306306,0.6306306306306306,0.0,3.0,0.6057692307692308,0.6057692307692308,0,1.0,2,108,1,1.0,0.0
0,1.1764705882352942,0.0,-1.1764705882352942,3.0,1.156862745098039,0.0,1,1.0,2,108,0,0.0,-1.0
0,1.1764705882352942,0.0,-1.1764705882352942,3.0,1.1764705882352942,0.0,0,1.0,1,108,0,0.0,-1.0
0,1.1764705882352942,2.3529411764705883,1.1764705882352942,3.0,1.150943396226415,2.30188679245283,100,1.0,1,108,0,2.0,1.0
1,1.1764705882352942,1.1764705882352942,0.0,3.0,1.1481481481481481,1.1481481481481481,0,1.0,2,108,0,1.0,0.0
1,0.6306306306306306,1.8918918918918919,1.2612612612612613,3.0,0.6018957345971564,1.8056872037914693,1,1.0,1,108,1,3.0,2.0
0,0.6306306306306306,0.0,-0.6306306306306306,3.0,0.6066350710900474,0.0,1,1.0,2,108,1,0.0,-1.0
1,0.6306306306306306,1.8918918918918919,1.2612612612612613,3.0,0.602803738317757,1.808411214953271,0,1.0,2,108,1,3.0,2.0
1,0.6306306306306306,0.6306306306306306,0.0,3.0,0.6046511627906977,0.6046511627906977,1,1.0,1,108,1,1.0,0.0
1,0.6306306306306306,1.2612612612612613,0.6306306306306306,3.0,0.6036866359447005,1.207373271889401,1,1.0,1,108,1,2.0,1.0
1,0.6306306306306306,2.5225225225225225,1.8918918918918919,3.0,0.5972850678733032,2.3891402714932126,1,1.0,1,108,1,4.0,3.0
1,0.6306306306306306,3.1531531531531534,2.5225225225225225,3.0,0.588495575221239,2.9424778761061945,1,1.0,2,108,1,5.0,4.0
0,1.1764705882352942,0.0,-1.1764705882352942,3.0,1.1666666666666667,0.0,1,1.0,2,108,0,0.0,-1.0
0,1.1764705882352942,0.0,-1.1764705882352942,3.0,1.1851851851851851,0.0,0,1.0,1,108,0,0.0,-1.0
1,0.6306306306306306,1.2612612612612613,0.6306306306306306,3.0,0.587719298245614,1.175438596491228,0,1.0,2,108,1,2.0,1.0
0,0.6306306306306306,0.0,-0.6306306306306306,3.0,0.5921052631578947,0.0,1,1.0,2,108,1,0.0,-1.0
0,0.6306306306306306,0.0,-0.6306306306306306,3.0,0.5964912280701754,0.0,0,1.0,1,108,1,0.0,-1.0
0,1.1764705882352942,0.0,-1.1764705882352942,3.0,1.2037037037037037,0.0,0,1.0,2,108,0,0.0,-1.0
1,0.6306306306306306,1.8918918918918919,1.2612612612612613,3.0,0.5930735930735931,1.7792207792207793,0,1.0,1,108,1,3.0,2.0
1,0.6306306306306306,0.6306306306306306,0.0,3.0,0.5948275862068966,0.5948275862068966,1,1.0,2,108,1,1.0,0.0
0,0.6306306306306306,0.0,-0.6306306306306306,3.0,0.5991379310344828,0.0,1,1.0,1,108,1,0.0,-1.0
0,1.1764705882352942,0.0,-1.1764705882352942,3.0,1.222222222222222,0.0,0,1.0,1,108,0,0.0,-1.0
0,1.1764705882352942,0.0,-1.1764705882352942,3.0,1.2407407407407407,0.0,0,1.0,1,108,0,0.0,-1.0
1,0.6306306306306306,0.6306306306306306,0.0,3.0,0.6008583690987124,0.6008583690987124,0,1.0,1,108,1,1.0,0.0
1,0.6306306306306306,1.8918918918918919,1.2612612612612613,3.0,0.597457627118644,1.7923728813559323,1,1.0,2,108,1,3.0,2.0
1,0.6306306306306306,2.5225225225225225,1.8918918918918919,3.0,0.5916666666666667,2.3666666666666667,1,1.0,1,108,1,4.0,3.0
0,0.6306306306306306,0.6306306306306306,0.0,3.0,0.5933609958506224,0.5933609958506224,1,1.0,2,108,1,1.0,0.0
1,1.1764705882352942,1.1764705882352942,0.0,3.0,1.2363636363636363,1.2363636363636363,0,1.0,1,108,0,1.0,0.0
0,0.6306306306306306,0.0,-0.6306306306306306,3.0,0.5975103734439834,0.0,1,1.0,1,108,1,0.0,-1.0
1,0.6306306306306306,1.8918918918918919,1.2612612612612613,3.0,0.5942622950819672,1.7827868852459017,0,1.0,1,108,1,3.0,2.0
1,0.6306306306306306,1.8918918918918919,1.2612612612612613,3.0,0.5910931174089068,1.7732793522267205,1,1.0,2,108,1,3.0,2.0
0,0.6306306306306306,0.0,-0.6306306306306306,3.0,0.5951417004048583,0.0,1,1.0,1,108,1,0.0,-1.0
0,1.1764705882352942,0.0,-1.1764705882352942,3.0,1.2545454545454546,0.0,0,1.0,1,108,0,0.0,-1.0
0,0.6306306306306306,0.0,-0.6306306306306306,3.0,0.5991902834008097,0.0,0,1.0,1,108,1,0.0,-1.0
1,0.6306306306306306,0.6306306306306306,0.0,3.0,0.6008064516129032,0.6008064516129032,0,1.0,2,108,1,1.0,0.0
1,0.6306306306306306,1.8918918918918919,1.2612612612612613,3.0,0.5976095617529881,1.792828685258964,1,1.0,1,108,1,3.0,2.0
0,1.1764705882352942,0.0,-1.1764705882352942,3.0,1.2727272727272727,0.0,1,1.0,2,108,0,0.0,-1.0
0,1.1764705882352942,0.0,-1.1764705882352942,3.0,1.290909090909091,0.0,0,1.0,1,108,0,0.0,-1.0
0,0.6306306306306306,0.6306306306306306,0.0,3.0,0.5992063492063492,0.5992063492063492,0,1.0,2,108,1,1.0,0.0
0,0.6306306306306306,0.0,-0.6306306306306306,3.0,0.6031746031746031,0.0,0,1.0,1,108,1,0.0,-1.0
0,1.1764705882352942,0.0,-1.1764705882352942,3.0,1.309090909090909,0.0,0,1.0,2,108,0,0.0,-1.0
0,1.1764705882352942,0.0,-1.1764705882352942,3.0,1.3272727272727272,0.0,0,1.0,1,108,0,0.0,-1.0
0,0.6306306306306306,0.0,-0.6306306306306306,3.0,0.6071428571428572,0.0,0,1.0,1,108,1,0.0,-1.0
0,0.6306306306306306,0.0,-0.6306306306306306,3.0,0.611111111111111,0.0,0,1.0,1,108,1,0.0,-1.0
1,0.6306306306306306,1.2612612612612613,0.6306306306306306,3.0,0.610236220472441,1.220472440944882,0,1.0,2,108,1,2.0,1.0
1,0.6306306306306306,1.8918918918918919,1.2612612612612613,3.0,0.6070038910505837,1.8210116731517512,1,1.0,2,108,1,3.0,2.0
0,0.6306306306306306,0.0,-0.6306306306306306,3.0,0.6108949416342412,0.0,1,1.0,2,108,1,0.0,-1.0
1,0.6306306306306306,2.5225225225225225,1.8918918918918919,3.0,0.6053639846743295,2.421455938697318,0,1.0,1,108,1,4.0,3.0
1,0.6306306306306306,0.6306306306306306,0.0,3.0,0.6068702290076335,0.6068702290076335,1,1.0,2,108,1,1.0,0.0
1,1.1764705882352942,2.3529411764705883,1.1764705882352942,3.0,1.2982456140350878,2.5964912280701755,1,1.0,2,108,0,2.0,1.0
1,0.6306306306306306,0.6306306306306306,0.0,3.0,0.6083650190114068,0.6083650190114068,1,1.0,2,108,1,1.0,0.0
1,1.1764705882352942,2.3529411764705883,1.1764705882352942,3.0,1.2711864406779663,2.5423728813559325,1,1.0,2,108,0,2.0,1.0
0,1.1764705882352942,0.0,-1.1764705882352942,3.0,1.288135593220339,0.0,1,1.0,2,108,0,0.0,-1.0
0,1.1764705882352942,0.0,-1.1764705882352942,3.0,1.3050847457627117,0.0,0,1.0,1,108,0,0.0,-1.0
0,0.6306306306306306,0.0,-0.6306306306306306,3.0,0.6121673003802282,0.0,0,1.0,2,108,1,0.0,-1.0
1,1.1764705882352942,3.5294117647058822,2.3529411764705883,3.0,1.2580645161290323,3.774193548387097,0,1.0,1,108,0,3.0,2.0
1,0.6306306306306306,1.2612612612612613,0.6306306306306306,3.0,0.6113207547169811,1.2226415094339622,1,1.0,1,108,1,2.0,1.0
1,0.6306306306306306,1.2612612612612613,0.6306306306306306,3.0,0.6104868913857677,1.2209737827715355,1,1.0,2,108,1,2.0,1.0
1,0.6306306306306306,0.6306306306306306,0.0,3.0,0.6119402985074627,0.6119402985074627,1,1.0,1,108,1,1.0,0.0
1,0.6306306306306306,0.6306306306306306,0.0,3.0,0.6133828996282528,0.6133828996282528,1,1.0,1,108,1,1.0,0.0
1,0.6306306306306306,1.8918918918918919,1.2612612612612613,3.0,0.6102941176470589,1.8308823529411766,1,1.0,2,108,1,3.0,2.0
1,0.6306306306306306,1.2612612612612613,0.6306306306306306,3.0,0.6094890510948905,1.218978102189781,1,1.0,2,108,1,2.0,1.0
1,1.1764705882352942,3.5294117647058822,2.3529411764705883,3.0,1.2153846153846153,3.646153846153846,1,1.0,1,108,0,3.0,2.0
1,1.1764705882352942,3.5294117647058822,2.3529411764705883,3.0,1.1764705882352942,3.5294117647058822,1,1.0,2,108,0,3.0,2.0
0,0.6306306306306306,0.0,-0.6306306306306306,3.0,0.6131386861313869,0.0,1,1.0,1,108,1,0.0,-1.0
0,1.1764705882352942,0.0,-1.1764705882352942,3.0,1.1911764705882353,0.0,100,1.0,1,108,0,0.0,-1.0
1,0.6306306306306306,1.8918918918918919,1.2612612612612613,3.0,0.6101083032490975,1.8303249097472925,0,1.0,1,108,1,3.0,2.0
1,1.1764705882352942,3.5294117647058822,2.3529411764705883,3.0,1.1549295774647887,3.464788732394366,1,1.0,2,108,0,3.0,2.0
0,0.6306306306306306,0.0,-0.6306306306306306,3.0,0.6137184115523465,0.0,1,1.0,1,108,1,0.0,-1.0
0,0.6306306306306306,0.0,-0.6306306306306306,3.0,0.6173285198555957,0.0,0,1.0,2,108,1,0.0,-1.0
1,0.6306306306306306,1.8918918918918919,1.2612612612612613,3.0,0.6142857142857143,1.8428571428571427,0,1.0,1,108,1,3.0,2.0
0,0.6306306306306306,0.0,-0.6306306306306306,3.0,0.6178571428571428,0.0,1,1.0,2,108,1,0.0,-1.0
1,1.1764705882352942,1.1764705882352942,0.0,3.0,1.1527777777777777,1.1527777777777777,0,1.0,1,108,0,1.0,0.0
0,0.6306306306306306,0.0,-0.6306306306306306,3.0,0.6214285714285714,0.0,1,1.0,2,108,1,0.0,-1.0
1,0.6306306306306306,0.6306306306306306,0.0,3.0,0.6227758007117438,0.6227758007117438,0,1.0,2,108,1,1.0,0.0
1,0.6306306306306306,1.8918918918918919,1.2612612612612613,3.0,0.619718309859155,1.859154929577465,1,1.0,1,108,1,3.0,2.0
1,0.6306306306306306,2.5225225225225225,1.8918918918918919,3.0,0.6145833333333333,2.458333333333333,1,1.0,1,108,1,4.0,3.0
1,1.1764705882352942,2.3529411764705883,1.1764705882352942,3.0,1.135135135135135,2.27027027027027,1,1.0,2,108,0,2.0,1.0
0,1.1764705882352942,0.0,-1.1764705882352942,3.0,1.1486486486486487,0.0,1,1.0,2,108,0,0.0,-1.0
1,1.1764705882352942,3.5294117647058822,2.3529411764705883,3.0,1.1168831168831168,3.3506493506493507,0,1.0,1,108,0,3.0,2.0
0,1.1764705882352942,0.0,-1.1764705882352942,3.0,1.12987012987013,0.0,1,1.0,2,108,0,0.0,-1.0
0,0.6306306306306306,0.0,-0.6306306306306306,3.0,0.6180555555555556,0.0,0,1.0,1,108,1,0.0,-1.0
1,0.6306306306306306,1.2612612612612613,0.6306306306306306,3.0,0.6172413793103448,1.2344827586206897,0,1.0,2,108,1,2.0,1.0
0,0.6306306306306306,0.0,-0.6306306306306306,3.0,0.6206896551724138,0.0,1,1.0,2,108,1,0.0,-1.0
1,0.6306306306306306,0.6306306306306306,0.0,3.0,0.6219931271477663,0.6219931271477663,0,1.0,1,108,1,1.0,0.0
1,0.6306306306306306,0.6306306306306306,0.0,3.0,0.6232876712328766,0.6232876712328766,1,1.0,2,108,1,1.0,0.0
0,1.1764705882352942,2.3529411764705883,1.1764705882352942,3.0,1.1139240506329113,2.2278481012658227,1,1.0,2,108,0,2.0,1.0
1,0.6306306306306306,1.2612612612612613,0.6306306306306306,3.0,0.6224489795918368,1.2448979591836735,0,1.0,2,108,1,2.0,1.0
0,1.1764705882352942,0.0,-1.1764705882352942,3.0,1.1265822784810127,0.0,1,1.0,2,108,0,0.0,-1.0
0,1.1764705882352942,0.0,-1.1764705882352942,3.0,1.139240506329114,0.0,0,1.0,2,108,0,0.0,-1.0
0,0.6306306306306306,0.0,-0.6306306306306306,3.0,0.6258503401360545,0.0,0,1.0,1,108,1,0.0,-1.0
0,0.6306306306306306,0.0,-0.6306306306306306,3.0,0.6292517006802721,0.0,0,1.0,1,108,1,0.0,-1.0
1,0.6306306306306306,1.8918918918918919,1.2612612612612613,3.0,0.6262626262626263,1.878787878787879,0,1.0,1,108,1,3.0,2.0
1,0.6306306306306306,2.5225225225225225,1.8918918918918919,3.0,0.6212624584717608,2.485049833887043,1,1.0,2,108,1,4.0,3.0
0,0.6306306306306306,0.0,-0.6306306306306306,3.0,0.6245847176079735,0.0,1,1.0,2,108,1,0.0,-1.0
1,0.6306306306306306,1.2612612612612613,0.6306306306306306,3.0,0.6237623762376238,1.2475247524752475,0,1.0,2,108,1,2.0,1.0
1,0.6306306306306306,1.2612612612612613,0.6306306306306306,3.0,0.6229508196721311,1.2459016393442621,1,1.0,1,108,1,2.0,1.0
1,1.1764705882352942,1.1764705882352942,0.0,3.0,1.1375,1.1375,1,1.0,2,108,0,1.0,0.0
0,0.6306306306306306,0.0,-0.6306306306306306,3.0,0.6262295081967213,0.0,1,1.0,1,108,1,0.0,-1.0
0,0.6306306306306306,0.0,-0.6306306306306306,3.0,0.6295081967213114,0.0,0,1.0,1,108,1,0.0,-1.0
1,0.6306306306306306,0.6306306306306306,0.0,3.0,0.630718954248366,0.630718954248366,0,1.0,1,108,1,1.0,0.0
0,1.1764705882352942,0.0,-1.1764705882352942,3.0,1.1500000000000001,0.0,1,1.0,2,108,0,0.0,-1.0
0,0.6306306306306306,0.0,-0.6306306306306306,3.0,0.6339869281045751,0.0,0,1.0,1,108,1,0.0,-1.0
1,0.6306306306306306,1.2612612612612613,0.6306306306306306,3.0,0.6331168831168832,1.2662337662337664,0,1.0,1,108,1,2.0,1.0
1,0.6306306306306306,1.8918918918918919,1.2612612612612613,3.0,0.6302250803858521,1.8906752411575563,1,1.0,1,108,1,3.0,2.0
0,1.1764705882352942,0.0,-1.1764705882352942,3.0,1.1625,0.0,1,1.0,1,108,0,0.0,-1.0
1,0.6306306306306306,1.8918918918918919,1.2612612612612613,3.0,0.6273885350318472,1.8821656050955415,0,1.0,1,108,1,3.0,2.0
0,1.1764705882352942,0.0,-1.1764705882352942,3.0,1.175,0.0,1,1.0,2,108,0,0.0,-1.0
1,0.6306306306306306,1.8918918918918919,1.2612612612612613,3.0,0.6246056782334385,1.8738170347003156,0,1.0,2,108,1,3.0,2.0
0,0.6306306306306306,0.0,-0.6306306306306306,3.0,0.6277602523659306,0.0,1,1.0,2,108,1,0.0,-1.0
0,1.1764705882352942,0.0,-1.1764705882352942,3.0,1.1875,0.0,0,1.0,2,108,0,0.0,-1.0
0,0.6306306306306306,0.6306306306306306,0.0,3.0,0.6289308176100629,0.6289308176100629,0,1.0,2,108,1,1.0,0.0
0,1.1764705882352942,0.0,-1.1764705882352942,3.0,1.2,0.0,0,1.0,2,108,0,0.0,-1.0
1,0.6306306306306306,1.8918918918918919,1.2612612612612613,3.0,0.6261682242990655,1.8785046728971964,0,1.0,2,108,1,3.0,2.0
0,0.6306306306306306,0.0,-0.6306306306306306,3.0,0.6292834890965732,0.0,1,1.0,2,108,1,0.0,-1.0
1,0.6306306306306306,1.8918918918918919,1.2612612612612613,3.0,0.6265432098765432,1.8796296296296295,0,1.0,1,108,1,3.0,2.0
1,0.6306306306306306,1.8918918918918919,1.2612612612612613,3.0,0.6238532110091742,1.8715596330275228,1,1.0,2,108,1,3.0,2.0
0,1.1764705882352942,0.0,-1.1764705882352942,3.0,1.2125000000000001,0.0,1,1.0,2,108,0,0.0,-1.0
1,0.6306306306306306,0.6306306306306306,0.0,3.0,0.625,0.625,0,1.0,2,108,1,1.0,0.0
0,1.1764705882352942,0.0,-1.1764705882352942,3.0,1.2249999999999999,0.0,1,1.0,2,108,0,0.0,-1.0
1,1.1764705882352942,2.3529411764705883,1.1764705882352942,3.0,1.2073170731707317,2.4146341463414633,0,1.0,1,108,0,2.0,1.0
0,0.6306306306306306,0.0,-0.6306306306306306,3.0,0.6280487804878049,0.0,1,1.0,2,108,1,0.0,-1.0
1,0.6306306306306306,1.8918918918918919,1.2612612612612613,3.0,0.6253776435045317,1.8761329305135952,0,1.0,1,108,1,3.0,2.0
1,1.1764705882352942,3.5294117647058822,2.3529411764705883,3.0,1.1764705882352942,3.5294117647058822,1,1.0,1,108,0,3.0,2.0
0,0.6306306306306306,0.0,-0.6306306306306306,3.0,0.6283987915407855,0.0,1,1.0,2,108,1,0.0,-1.0
0,0.6306306306306306,0.0,-0.6306306306306306,3.0,0.6314199395770393,0.0,0,1.0,2,108,1,0.0,-1.0
1,0.6306306306306306,1.2612612612612613,0.6306306306306306,3.0,0.6306306306306306,1.2612612612612613,0,1.0,2,108,1,2.0,1.0
