Choice,DV_Norm_Ref_Amount,DV_Norm_Value,DV_WR_Norm_Value,Day,MC_Norm_Ref_Amount,MC_Norm_Value,Prev_choice,Ref_Amount,Ref_Pos,Subj,Trial_type,Value,WTP_Ref
0,0.7954545454545455,0.7954545454545455,0.0,1.0,1.0,1.0,100,3.0,2,109,1,3.0,0.0
0,0.7954545454545455,0.5303030303030303,-0.26515151515151514,1.0,1.2,0.8,0,3.0,2,109,1,2.0,-1.0
1,0.7954545454545455,2.6515151515151514,1.8560606060606062,1.0,0.6,2.0,100,3.0,2,109,1,10.0,7.0
0,0.7954545454545455,0.7954545454545455,0.0,1.0,0.6521739130434783,0.6521739130434783,1,3.0,2,109,1,3.0,0.0
0,0.8163265306122448,1.2244897959183672,0.4081632653061224,1.0,0.6666666666666666,1.0,0,2.0,1,109,0,3.0,1.0
1,0.7954545454545455,0.5303030303030303,-0.26515151515151514,1.0,0.72,0.48,0,3.0,1,109,1,2.0,-1.0
1,0.7954545454545455,1.8560606060606062,1.0606060606060606,1.0,0.65625,1.53125,1,3.0,1,109,1,7.0,4.0
0,0.7954545454545455,0.7954545454545455,0.0,1.0,0.6857142857142857,0.6857142857142857,1,3.0,2,109,1,3.0,0.0
0,0.7954545454545455,0.26515151515151514,-0.5303030303030303,1.0,0.75,0.25,0,3.0,1,109,1,1.0,-2.0
1,0.7954545454545455,1.3257575757575757,0.5303030303030303,1.0,0.7317073170731708,1.2195121951219514,0,3.0,2,109,1,5.0,2.0
1,0.8163265306122448,1.2244897959183672,0.4081632653061224,1.0,0.6666666666666666,1.0,1,2.0,1,109,0,3.0,1.0
0,0.7954545454545455,0.5303030303030303,-0.26515151515151514,1.0,0.7674418604651163,0.5116279069767442,1,3.0,2,109,1,2.0,-1.0
0,0.8163265306122448,0.0,-0.8163265306122448,1.0,1.0,0.0,0,2.0,1,109,0,0.0,-2.0
0,0.7954545454545455,0.26515151515151514,-0.5303030303030303,1.0,0.8181818181818182,0.27272727272727276,0,3.0,1,109,1,1.0,-2.0
1,0.7954545454545455,1.3257575757575757,0.5303030303030303,1.0,0.7959183673469388,1.3265306122448979,0,3.0,1,109,1,5.0,2.0
0,0.8163265306122448,0.4081632653061224,-0.4081632653061224,1.0,1.1428571428571428,0.5714285714285714,1,2.0,2,109,0,1.0,-1.0
0,0.8163265306122448,0.4081632653061224,-0.4081632653061224,1.0,1.25,0.625,0,2.0,1,109,0,1.0,-1.0
0,0.8163265306122448,0.0,-0.8163265306122448,1.0,1.5,0.0,0,2.0,1,109,0,0.0,-2.0
0,0.7954545454545455,0.5303030303030303,-0.26515151515151514,1.0,0.8235294117647058,0.5490196078431373,0,3.0,2,109,1,2.0,-1.0
0,0.8163265306122448,0.0,-0.8163265306122448,1.0,1.75,0.0,0,2.0,2,109,0,0.0,-2.0
1,0.7954545454545455,1.3257575757575757,0.5303030303030303,1.0,0.8035714285714286,1.3392857142857142,0,3.0,2,109,1,5.0,2.0
1,0.7954545454545455,1.3257575757575757,0.5303030303030303,1.0,0.7868852459016393,1.3114754098360655,1,3.0,2,109,1,5.0,2.0
1,0.7954545454545455,1.3257575757575757,0.5303030303030303,1.0,0.7727272727272727,1.2878787878787878,1,3.0,1,109,1,5.0,2.0
0,0.7954545454545455,1.3257575757575757,0.5303030303030303,1.0,0.7605633802816901,1.2676056338028168,1,3.0,2,109,1,5.0,2.0
1,0.7954545454545455,2.121212121212121,1.3257575757575757,1.0,0.7215189873417721,1.9240506329113924,0,3.0,2,109,1,8.0,5.0
1,0.7954545454545455,1.3257575757575757,0.5303030303030303,1.0,0.7142857142857143,1.1904761904761905,1,3.0,1,109,1,5.0,2.0
0,0.7954545454545455,0.5303030303030303,-0.26515151515151514,1.0,0.7325581395348838,0.48837209302325585,1,3.0,2,109,1,2.0,-1.0
1,0.7954545454545455,0.7954545454545455,0.0,1.0,0.7415730337078651,0.7415730337078651,0,3.0,1,109,1,3.0,0.0
1,0.8163265306122448,1.6326530612244896,0.8163265306122448,1.0,1.3333333333333333,2.6666666666666665,1,2.0,1,109,0,4.0,2.0
1,0.7954545454545455,1.3257575757575757,0.5303030303030303,1.0,0.7340425531914893,1.2234042553191489,1,3.0,2,109,1,5.0,2.0
0,0.8163265306122448,0.4081632653061224,-0.4081632653061224,1.0,1.3846153846153846,0.6923076923076923,1,2.0,2,109,0,1.0,-1.0
0,0.7954545454545455,0.26515151515151514,-0.5303030303030303,1.0,0.7578947368421053,0.25263157894736843,0,3.0,2,109,1,1.0,-2.0
1,0.7954545454545455,2.6515151515151514,1.8560606060606062,1.0,0.7142857142857143,2.380952380952381,0,3.0,1,109,1,10.0,7.0
1,0.8163265306122448,2.0408163265306123,1.2244897959183672,1.0,1.1111111111111112,2.7777777777777777,1,2.0,2,109,0,5.0,3.0
0,0.7954545454545455,0.7954545454545455,0.0,1.0,0.7222222222222222,0.7222222222222222,1,3.0,1,109,1,3.0,0.0
1,0.8163265306122448,2.0408163265306123,1.2244897959183672,1.0,0.9565217391304348,2.391304347826087,0,2.0,1,109,0,5.0,3.0
0,0.7954545454545455,0.26515151515151514,-0.5303030303030303,1.0,0.7431192660550459,0.2477064220183486,1,3.0,1,109,1,1.0,-2.0
0,0.7954545454545455,2.121212121212121,1.3257575757575757,1.0,0.717948717948718,1.9145299145299144,0,3.0,1,109,1,8.0,5.0
0,0.8163265306122448,0.4081632653061224,-0.4081632653061224,1.0,1.0,0.5,0,2.0,2,109,0,1.0,-1.0
0,0.8163265306122448,0.4081632653061224,-0.4081632653061224,1.0,1.04,0.52,0,2.0,1,109,0,1.0,-1.0
1,0.7954545454545455,0.7954545454545455,0.0,1.0,0.725,0.725,0,3.0,2,109,1,3.0,0.0
0,0.7954545454545455,0.5303030303030303,-0.26515151515151514,1.0,0.75,0.5,100,3.0,2,109,1,2.0,-1.0
0,0.8163265306122448,0.8163265306122448,0.0,1.0,1.037037037037037,1.037037037037037,0,2.0,1,109,0,2.0,0.0
0,0.7954545454545455,1.3257575757575757,0.5303030303030303,1.0,0.7441860465116279,1.2403100775193798,0,3.0,2,109,1,5.0,2.0
0,0.7954545454545455,0.0,-0.7954545454545455,1.0,0.7674418604651163,0.0,0,3.0,2,109,1,0.0,-3.0
0,0.8163265306122448,0.8163265306122448,0.0,1.0,1.0344827586206897,1.0344827586206897,0,2.0,2,109,0,2.0,0.0
1,0.8163265306122448,0.8163265306122448,0.0,1.0,1.032258064516129,1.032258064516129,0,2.0,1,109,0,2.0,0.0
1,0.7954545454545455,0.26515151515151514,-0.5303030303030303,1.0,0.7846153846153846,0.26153846153846155,1,3.0,1,109,1,1.0,-2.0
1,0.7954545454545455,1.590909090909091,0.7954545454545455,1.0,0.7720588235294118,1.5441176470588236,1,3.0,1,109,1,6.0,3.0
0,0.8163265306122448,2.0408163265306123,1.2244897959183672,1.0,0.9444444444444444,2.361111111111111,1,2.0,2,109,0,5.0,3.0
1,0.7954545454545455,1.3257575757575757,0.5303030303030303,1.0,0.7659574468085106,1.2765957446808511,0,3.0,1,109,1,5.0,2.0
0,0.7954545454545455,0.7954545454545455,0.0,1.0,0.7708333333333333,0.7708333333333333,1,3.0,2,109,1,3.0,0.0
0,0.8163265306122448,1.2244897959183672,0.4081632653061224,1.0,0.9230769230769231,1.3846153846153848,0,2.0,2,109,0,3.0,1.0
1,0.7954545454545455,2.6515151515151514,1.8560606060606062,1.0,0.7402597402597403,2.4675324675324677,0,3.0,2,109,1,10.0,7.0
0,0.7954545454545455,0.7954545454545455,0.0,1.0,0.7452229299363058,0.7452229299363058,1,3.0,1,109,1,3.0,0.0
0,0.7954545454545455,0.7954545454545455,0.0,1.0,0.75,0.75,0,3.0,1,109,1,3.0,0.0
0,0.7954545454545455,0.0,-0.7954545454545455,1.0,0.76875,0.0,0,3.0,1,109,1,0.0,-3.0
1,0.8163265306122448,4.081632653061225,3.265306122448979,1.0,0.7755102040816326,3.877551020408163,0,2.0,2,109,0,10.0,8.0
1,0.8163265306122448,0.0,-0.8163265306122448,1.0,0.8163265306122448,0.0,1,2.0,1,109,0,0.0,-2.0
0,0.7954545454545455,0.5303030303030303,-0.26515151515151514,1.0,0.7777777777777778,0.5185185185185185,1,3.0,2,109,1,2.0,-1.0
0,0.8163265306122448,0.8163265306122448,0.0,1.0,0.823529411764706,0.823529411764706,100,2.0,1,109,0,2.0,0.0
0,0.8163265306122448,0.4081632653061224,-0.4081632653061224,1.0,0.8461538461538461,0.4230769230769231,0,2.0,2,109,0,1.0,-1.0
0,0.8163265306122448,0.4081632653061224,-0.4081632653061224,1.0,0.8679245283018868,0.4339622641509434,0,2.0,2,109,0,1.0,-1.0
0,0.7954545454545455,0.26515151515151514,-0.5303030303030303,1.0,0.7914110429447853,0.26380368098159507,0,3.0,1,109,1,1.0,-2.0
1,0.7954545454545455,1.3257575757575757,0.5303030303030303,1.0,0.7857142857142857,1.3095238095238095,0,3.0,2,109,1,5.0,2.0
0,0.8163265306122448,0.0,-0.8163265306122448,1.0,0.9056603773584905,0.0,1,2.0,2,109,0,0.0,-2.0
1,0.7954545454545455,1.3257575757575757,0.5303030303030303,1.0,0.7803468208092486,1.300578034682081,0,3.0,1,109,1,5.0,2.0
1,0.7954545454545455,2.6515151515151514,1.8560606060606062,1.0,0.7540983606557378,2.5136612021857925,1,3.0,1,109,1,10.0,7.0
0,0.8163265306122448,0.0,-0.8163265306122448,1.0,0.9433962264150942,0.0,1,2.0,1,109,0,0.0,-2.0
0,0.7954545454545455,0.0,-0.7954545454545455,1.0,0.7704918032786885,0.0,0,3.0,1,109,1,0.0,-3.0
1,0.7954545454545455,0.7954545454545455,0.0,1.0,0.7741935483870968,0.7741935483870968,0,3.0,2,109,1,3.0,0.0
1,0.7954545454545455,0.7954545454545455,0.0,1.0,0.7777777777777778,0.7777777777777778,1,3.0,2,109,1,3.0,0.0
0,0.7954545454545455,0.5303030303030303,-0.26515151515151514,1.0,0.7853403141361257,0.5235602094240838,1,3.0,2,109,1,2.0,-1.0
1,0.8163265306122448,4.081632653061225,3.265306122448979,1.0,0.8253968253968255,4.126984126984127,0,2.0,2,109,0,10.0,8.0
1,0.7954545454545455,0.7954545454545455,0.0,1.0,0.7886597938144331,0.7886597938144331,1,3.0,2,109,1,3.0,0.0
1,0.7954545454545455,1.8560606060606062,1.0606060606060606,1.0,0.7761194029850746,1.8109452736318408,1,3.0,1,109,1,7.0,4.0
1,0.7954545454545455,1.3257575757575757,0.5303030303030303,1.0,0.7718446601941747,1.2864077669902914,1,3.0,2,109,1,5.0,2.0
1,0.7954545454545455,1.3257575757575757,0.5303030303030303,1.0,0.7677725118483413,1.2796208530805686,1,3.0,2,109,1,5.0,2.0
1,0.7954545454545455,1.8560606060606062,1.0606060606060606,1.0,0.7568807339449541,1.7660550458715596,1,3.0,1,109,1,7.0,4.0
0,0.7954545454545455,0.5303030303030303,-0.26515151515151514,1.0,0.7636363636363637,0.5090909090909091,1,3.0,2,109,1,2.0,-1.0
1,0.7954545454545455,0.7954545454545455,0.0,1.0,0.7668161434977578,0.7668161434977578,0,3.0,2,109,1,3.0,0.0
1,0.8163265306122448,2.0408163265306123,1.2244897959183672,1.0,0.7941176470588235,1.9852941176470587,1,2.0,2,109,0,5.0,3.0
0,0.7954545454545455,0.26515151515151514,-0.5303030303030303,1.0,0.7767857142857143,0.2589285714285714,1,3.0,2,109,1,1.0,-2.0
0,0.7954545454545455,0.26515151515151514,-0.5303030303030303,1.0,0.7866666666666666,0.26222222222222225,0,3.0,2,109,1,1.0,-2.0
1,0.8163265306122448,2.0408163265306123,1.2244897959183672,1.0,0.7671232876712328,1.917808219178082,0,2.0,1,109,0,5.0,3.0
0,0.7954545454545455,0.5303030303030303,-0.26515151515151514,1.0,0.7929515418502203,0.5286343612334802,1,3.0,1,109,1,2.0,-1.0
0,0.7954545454545455,0.7954545454545455,0.0,1.0,0.7956521739130434,0.7956521739130434,0,3.0,1,109,1,3.0,0.0
0,0.7954545454545455,0.0,-0.7954545454545455,1.0,0.808695652173913,0.0,0,3.0,1,109,1,0.0,-3.0
0,0.7954545454545455,1.3257575757575757,0.5303030303030303,1.0,0.8042553191489361,1.3404255319148937,0,3.0,2,109,1,5.0,2.0
0,0.8163265306122448,0.4081632653061224,-0.4081632653061224,1.0,0.7837837837837838,0.3918918918918919,0,2.0,1,109,0,1.0,-1.0
0,0.7954545454545455,0.7954545454545455,0.0,1.0,0.8067226890756303,0.8067226890756303,0,3.0,1,109,1,3.0,0.0
1,0.7954545454545455,0.7954545454545455,0.0,1.0,0.8091286307053942,0.8091286307053942,0,3.0,1,109,1,3.0,0.0
1,0.8163265306122448,2.0408163265306123,1.2244897959183672,1.0,0.759493670886076,1.89873417721519,1,2.0,1,109,0,5.0,3.0
0,0.7954545454545455,0.7954545454545455,0.0,1.0,0.8114754098360656,0.8114754098360656,1,3.0,1,109,1,3.0,0.0
0,0.8163265306122448,0.8163265306122448,0.0,1.0,0.7654320987654322,0.7654320987654322,0,2.0,1,109,0,2.0,0.0
0,0.7954545454545455,0.26515151515151514,-0.5303030303030303,1.0,0.8204081632653061,0.27346938775510204,0,3.0,2,109,1,1.0,-2.0
1,0.8163265306122448,1.2244897959183672,0.4081632653061224,1.0,0.7619047619047619,1.1428571428571428,0,2.0,1,109,0,3.0,1.0
1,0.7954545454545455,1.590909090909091,0.7954545454545455,1.0,0.8127490039840637,1.6254980079681274,1,3.0,1,109,1,6.0,3.0
1,0.7954545454545455,0.7954545454545455,0.0,1.0,0.8149606299212598,0.8149606299212598,1,3.0,2,109,1,3.0,0.0
1,0.7954545454545455,1.0606060606060606,0.26515151515151514,1.0,0.813953488372093,1.0852713178294575,100,3.0,1,109,1,4.0,1.0
1,0.7954545454545455,1.3257575757575757,0.5303030303030303,1.0,0.8098859315589354,1.349809885931559,1,3.0,1,109,1,5.0,2.0
1,0.7954545454545455,1.3257575757575757,0.5303030303030303,1.0,0.8059701492537313,1.3432835820895521,1,3.0,1,109,1,5.0,2.0
0,0.7954545454545455,0.0,-0.7954545454545455,1.0,0.8222222222222222,0.0,100,3.0,2,109,1,0.0,-3.0
1,0.8163265306122448,1.2244897959183672,0.4081632653061224,1.0,0.7472527472527473,1.120879120879121,0,2.0,1,109,0,3.0,1.0
1,0.7954545454545455,1.3257575757575757,0.5303030303030303,1.0,0.8181818181818182,1.3636363636363638,1,3.0,2,109,1,5.0,2.0
1,0.8163265306122448,0.8163265306122448,0.0,1.0,0.7526881720430108,0.7526881720430108,1,2.0,2,109,0,2.0,0.0
0,0.7954545454545455,0.7954545454545455,0.0,1.0,0.8201438848920863,0.8201438848920863,1,3.0,1,109,1,3.0,0.0
1,0.7954545454545455,1.3257575757575757,0.5303030303030303,1.0,0.8162544169611308,1.3604240282685514,0,3.0,1,109,1,5.0,2.0
1,0.8163265306122448,0.4081632653061224,-0.4081632653061224,1.0,0.7659574468085106,0.3829787234042553,1,2.0,1,109,0,1.0,-1.0
1,0.7954545454545455,1.3257575757575757,0.5303030303030303,1.0,0.8172413793103448,1.3620689655172413,100,3.0,1,109,1,5.0,2.0
1,0.8163265306122448,1.2244897959183672,0.4081632653061224,1.0,0.7628865979381444,1.1443298969072166,1,2.0,2,109,0,3.0,1.0
0,0.7954545454545455,0.26515151515151514,-0.5303030303030303,1.0,0.8247422680412371,0.274914089347079,1,3.0,1,109,1,1.0,-2.0
1,0.8163265306122448,0.4081632653061224,-0.4081632653061224,1.0,0.7755102040816326,0.3877551020408163,100,2.0,2,109,0,1.0,-1.0
0,0.8163265306122448,0.0,-0.8163265306122448,1.0,0.7959183673469388,0.0,1,2.0,1,109,0,0.0,-2.0
0,0.8163265306122448,0.0,-0.8163265306122448,1.0,0.8163265306122448,0.0,100,2.0,2,109,0,0.0,-2.0
0,0.7954545454545455,0.5303030303030303,-0.26515151515151514,1.0,0.8412162162162162,0.5608108108108109,0,3.0,1,109,1,2.0,-1.0
0,0.7954545454545455,0.7954545454545455,0.0,1.0,0.8428093645484951,0.8428093645484951,0,3.0,2,109,1,3.0,0.0
1,0.7954545454545455,0.7954545454545455,0.0,1.0,0.8443708609271524,0.8443708609271524,100,3.0,2,109,1,3.0,0.0
0,0.8163265306122448,0.0,-0.8163265306122448,1.0,0.8367346938775511,0.0,1,2.0,2,109,0,0.0,-2.0
1,0.7954545454545455,2.121212121212121,1.3257575757575757,1.0,0.8322580645161289,2.2193548387096773,0,3.0,2,109,1,8.0,5.0
1,0.7954545454545455,1.3257575757575757,0.5303030303030303,1.0,0.8285714285714286,1.380952380952381,1,3.0,2,109,1,5.0,2.0
1,0.7954545454545455,2.6515151515151514,1.8560606060606062,1.0,0.8123076923076923,2.7076923076923074,1,3.0,2,109,1,10.0,7.0
1,0.7954545454545455,1.3257575757575757,0.5303030303030303,1.0,0.8090909090909091,1.3484848484848484,1,3.0,1,109,1,5.0,2.0
1,0.7954545454545455,1.3257575757575757,0.5303030303030303,1.0,0.8059701492537313,1.3432835820895521,1,3.0,1,109,1,5.0,2.0
0,0.8163265306122448,0.0,-0.8163265306122448,1.0,0.8571428571428571,0.0,1,2.0,2,109,0,0.0,-2.0
1,0.7954545454545455,0.7954545454545455,0.0,1.0,0.8076923076923077,0.8076923076923077,0,3.0,1,109,1,3.0,0.0
0,0.7954545454545455,0.26515151515151514,-0.5303030303030303,1.0,0.8141592920353982,0.2713864306784661,1,3.0,1,109,1,1.0,-2.0
1,0.7954545454545455,1.3257575757575757,0.5303030303030303,1.0,0.8080229226361031,1.346704871060172,100,3.0,1,109,1,5.0,2.0
1,0.7954545454545455,2.6515151515151514,1.8560606060606062,1.0,0.7938718662952646,2.6462395543175488,1,3.0,2,109,1,10.0,7.0
1,0.7954545454545455,1.3257575757575757,0.5303030303030303,1.0,0.7912087912087913,1.3186813186813187,1,3.0,2,109,1,5.0,2.0
1,0.7954545454545455,1.3257575757575757,0.5303030303030303,1.0,0.7886178861788619,1.3143631436314365,1,3.0,1,109,1,5.0,2.0
1,0.7954545454545455,0.7954545454545455,0.0,1.0,0.7903225806451613,0.7903225806451613,1,3.0,1,109,1,3.0,0.0
0,0.8163265306122448,0.8163265306122448,0.0,1.0,0.86,0.86,100,2.0,1,109,0,2.0,0.0
1,0.7954545454545455,1.3257575757575757,0.5303030303030303,1.0,0.7915567282321899,1.3192612137203166,0,3.0,2,109,1,5.0,2.0
1,0.7954545454545455,1.3257575757575757,0.5303030303030303,1.0,0.7890625,1.3151041666666667,1,3.0,2,109,1,5.0,2.0
1,0.7954545454545455,0.7954545454545455,0.0,1.0,0.7906976744186047,0.7906976744186047,1,3.0,1,109,1,3.0,0.0
1,0.7954545454545455,0.5303030303030303,-0.26515151515151514,1.0,0.794344473007712,0.5295629820051414,1,3.0,1,109,1,2.0,-1.0
1,0.7954545454545455,1.3257575757575757,0.5303030303030303,1.0,0.7918781725888325,1.3197969543147208,1,3.0,1,109,1,5.0,2.0
1,0.8163265306122448,2.0408163265306123,1.2244897959183672,1.0,0.8380952380952381,2.0952380952380953,1,2.0,2,109,0,5.0,3.0
0,0.8163265306122448,0.4081632653061224,-0.4081632653061224,1.0,0.8490566037735848,0.4245283018867924,1,2.0,1,109,0,1.0,-1.0
1,0.8163265306122448,1.2244897959183672,0.4081632653061224,1.0,0.8440366972477065,1.2660550458715598,0,2.0,1,109,0,3.0,1.0
1,0.7954545454545455,1.0606060606060606,0.26515151515151514,1.0,0.7914572864321608,1.0552763819095479,1,3.0,1,109,1,4.0,1.0
1,0.7954545454545455,1.3257575757575757,0.5303030303030303,1.0,0.7890818858560794,1.315136476426799,1,3.0,1,109,1,5.0,2.0
1,0.7954545454545455,1.3257575757575757,0.5303030303030303,1.0,0.7867647058823529,1.3112745098039216,1,3.0,1,109,1,5.0,2.0
1,0.7954545454545455,1.3257575757575757,0.5303030303030303,1.0,0.784503631961259,1.3075060532687652,1,3.0,1,109,1,5.0,2.0
0,0.8163265306122448,0.8163265306122448,0.0,1.0,0.8468468468468467,0.8468468468468467,1,2.0,2,109,0,2.0,0.0
1,0.7954545454545455,1.3257575757575757,0.5303030303030303,1.0,0.7822966507177034,1.3038277511961722,0,3.0,2,109,1,5.0,2.0
1,0.8163265306122448,0.4081632653061224,-0.4081632653061224,1.0,0.8571428571428571,0.42857142857142855,100,2.0,2,109,0,1.0,-1.0
1,0.8163265306122448,1.6326530612244896,0.8163265306122448,1.0,0.8448275862068966,1.6896551724137931,1,2.0,1,109,0,4.0,2.0
1,0.7954545454545455,0.26515151515151514,-0.5303030303030303,1.0,0.785377358490566,0.26179245283018865,1,3.0,1,109,1,1.0,-2.0
0,0.8163265306122448,0.0,-0.8163265306122448,1.0,0.8620689655172414,0.0,1,2.0,2,109,0,0.0,-2.0
1,0.7954545454545455,0.7954545454545455,0.0,1.0,0.7868852459016393,0.7868852459016393,0,3.0,2,109,1,3.0,0.0
0,0.7954545454545455,0.7954545454545455,0.0,1.0,0.789838337182448,0.789838337182448,100,3.0,2,109,1,3.0,0.0
1,0.8163265306122448,1.2244897959183672,0.4081632653061224,1.0,0.8571428571428571,1.2857142857142856,0,2.0,1,109,0,3.0,1.0
1,0.7954545454545455,1.590909090909091,0.7954545454545455,1.0,0.785876993166287,1.571753986332574,1,3.0,2,109,1,6.0,3.0
0,0.7954545454545455,0.7954545454545455,0.0,1.0,0.7873303167420814,0.7873303167420814,1,3.0,2,109,1,3.0,0.0
1,0.7954545454545455,0.26515151515151514,-0.5303030303030303,1.0,0.7923250564334086,0.26410835214446954,0,3.0,2,109,1,1.0,-2.0
0,0.8163265306122448,0.4081632653061224,-0.4081632653061224,1.0,0.8666666666666667,0.43333333333333335,1,2.0,2,109,0,1.0,-1.0
1,0.8163265306122448,0.4081632653061224,-0.4081632653061224,1.0,0.8760330578512396,0.4380165289256198,100,2.0,1,109,0,1.0,-1.0
1,0.8163265306122448,1.2244897959183672,0.4081632653061224,1.0,0.8709677419354839,1.3064516129032258,1,2.0,1,109,0,3.0,1.0
1,0.7954545454545455,0.7954545454545455,0.0,1.0,0.7951002227171492,0.7951002227171492,1,3.0,2,109,1,3.0,0.0
0,0.7954545454545455,0.0,-0.7954545454545455,1.0,0.8017817371937639,0.0,1,3.0,1,109,1,0.0,-3.0
1,0.7954545454545455,1.3257575757575757,0.5303030303030303,1.0,0.7995594713656388,1.3325991189427313,0,3.0,1,109,1,5.0,2.0
1,0.7954545454545455,0.26515151515151514,-0.5303030303030303,1.0,0.8043956043956044,0.2681318681318681,1,3.0,2,109,1,1.0,-2.0
0,0.8163265306122448,2.0408163265306123,1.2244897959183672,1.0,0.8527131782945737,2.1317829457364343,1,2.0,2,109,0,5.0,3.0
0,0.7954545454545455,0.26515151515151514,-0.5303030303030303,1.0,0.8092105263157894,0.26973684210526316,100,3.0,1,109,1,1.0,-2.0
1,0.8163265306122448,2.0408163265306123,1.2244897959183672,1.0,0.8382352941176471,2.0955882352941178,0,2.0,1,109,0,5.0,3.0
0,0.8163265306122448,0.0,-0.8163265306122448,1.0,0.8529411764705883,0.0,1,2.0,1,109,0,0.0,-2.0
1,0.7954545454545455,1.3257575757575757,0.5303030303030303,1.0,0.806941431670282,1.3449023861171367,0,3.0,2,109,1,5.0,2.0
1,0.7954545454545455,1.3257575757575757,0.5303030303030303,1.0,0.8047210300429184,1.3412017167381973,1,3.0,1,109,1,5.0,2.0
1,0.8163265306122448,4.081632653061225,3.265306122448979,1.0,0.8082191780821918,4.041095890410959,1,2.0,2,109,0,10.0,8.0
1,0.8163265306122448,0.4081632653061224,-0.4081632653061224,1.0,0.8163265306122448,0.4081632653061224,1,2.0,2,109,0,1.0,-1.0
0,0.7954545454545455,0.5303030303030303,-0.26515151515151514,1.0,0.8076923076923077,0.5384615384615384,1,3.0,1,109,1,2.0,-1.0
1,0.7954545454545455,1.3257575757575757,0.5303030303030303,1.0,0.8054968287526427,1.3424947145877377,100,3.0,1,109,1,5.0,2.0
0,0.7954545454545455,0.7954545454545455,0.0,1.0,0.8067226890756303,0.8067226890756303,1,3.0,2,109,1,3.0,0.0
1,0.8163265306122448,1.2244897959183672,0.4081632653061224,1.0,0.8133333333333334,1.22,0,2.0,1,109,0,3.0,1.0
0,0.7954545454545455,0.5303030303030303,-0.26515151515151514,1.0,0.8096234309623431,0.5397489539748954,1,3.0,2,109,1,2.0,-1.0
0,0.7954545454545455,0.5303030303030303,-0.26515151515151514,1.0,0.8125,0.5416666666666666,0,3.0,2,109,1,2.0,-1.0
1,0.7954545454545455,1.3257575757575757,0.5303030303030303,1.0,0.8103092783505155,1.3505154639175259,0,3.0,1,109,1,5.0,2.0
0,0.7954545454545455,0.5303030303030303,-0.26515151515151514,1.0,0.8142857142857143,0.5428571428571428,100,3.0,1,109,1,2.0,-1.0
1,0.8163265306122448,1.6326530612244896,0.8163265306122448,1.0,0.8051948051948052,1.6103896103896105,0,2.0,2,109,0,4.0,2.0
0,0.8163265306122448,0.0,-0.8163265306122448,1.0,0.8181818181818181,0.0,1,2.0,2,109,0,0.0,-2.0
1,0.7954545454545455,0.7954545454545455,0.0,1.0,0.8154158215010142,0.8154158215010142,0,3.0,1,109,1,3.0,0.0
1,0.7954545454545455,1.590909090909091,0.7954545454545455,1.0,0.811623246492986,1.623246492985972,1,3.0,2,109,1,6.0,3.0
1,0.7954545454545455,0.7954545454545455,0.0,1.0,0.8127490039840637,0.8127490039840637,1,3.0,2,109,1,3.0,0.0
1,0.7954545454545455,1.0606060606060606,0.26515151515151514,1.0,0.8149606299212598,1.0866141732283465,100,3.0,2,109,1,4.0,1.0
0,0.8163265306122448,0.0,-0.8163265306122448,1.0,0.8311688311688312,0.0,1,2.0,1,109,0,0.0,-2.0
1,0.8163265306122448,0.4081632653061224,-0.4081632653061224,1.0,0.8387096774193549,0.41935483870967744,0,2.0,2,109,0,1.0,-1.0
0,0.7954545454545455,1.3257575757575757,0.5303030303030303,1.0,0.8128654970760234,1.3547758284600389,1,3.0,1,109,1,5.0,2.0
0,0.7954545454545455,1.0606060606060606,0.26515151515151514,1.0,0.8123791102514506,1.0831721470019342,0,3.0,1,109,1,4.0,1.0
1,0.8163265306122448,0.0,-0.8163265306122448,1.0,0.8516129032258064,0.0,0,2.0,1,109,0,0.0,-2.0
1,0.8163265306122448,2.0408163265306123,1.2244897959183672,1.0,0.8375,2.09375,1,2.0,1,109,0,5.0,3.0
0,0.7954545454545455,0.26515151515151514,-0.5303030303030303,1.0,0.8166023166023165,0.2722007722007722,1,3.0,2,109,1,1.0,-2.0
0,0.8163265306122448,0.4081632653061224,-0.4081632653061224,1.0,0.84472049689441,0.422360248447205,0,2.0,1,109,0,1.0,-1.0
1,0.8163265306122448,2.0408163265306123,1.2244897959183672,1.0,0.8313253012048193,2.0783132530120483,0,2.0,2,109,0,5.0,3.0
1,0.8163265306122448,1.2244897959183672,0.4081632653061224,1.0,0.8284023668639053,1.2426035502958581,1,2.0,1,109,0,3.0,1.0
1,0.8163265306122448,0.4081632653061224,-0.4081632653061224,1.0,0.8352941176470589,0.4176470588235294,1,2.0,1,109,0,1.0,-1.0
1,0.7954545454545455,0.7954545454545455,0.0,1.0,0.8176583493282149,0.8176583493282149,1,3.0,1,109,1,3.0,0.0
0,0.7954545454545455,0.26515151515151514,-0.5303030303030303,1.0,0.82183908045977,0.2739463601532567,1,3.0,2,109,1,1.0,-2.0
1,0.7954545454545455,2.6515151515151514,1.8560606060606062,1.0,0.8120300751879699,2.706766917293233,0,3.0,1,109,1,10.0,7.0
1,0.7954545454545455,0.5303030303030303,-0.26515151515151514,1.0,0.8156424581005587,0.5437616387337058,100,3.0,1,109,1,2.0,-1.0
0,0.7954545454545455,0.7954545454545455,0.0,1.0,0.8222222222222222,0.8222222222222222,100,3.0,1,109,1,3.0,0.0
0,0.7954545454545455,0.7954545454545455,0.0,1.0,0.8232044198895028,0.8232044198895028,0,3.0,2,109,1,3.0,0.0
1,0.8163265306122448,0.8163265306122448,0.0,1.0,0.8372093023255814,0.8372093023255814,0,2.0,1,109,0,2.0,0.0
0,0.7954545454545455,1.0606060606060606,0.26515151515151514,1.0,0.8226691042047533,1.096892138939671,1,3.0,2,109,1,4.0,1.0
0,0.7954545454545455,0.7954545454545455,0.0,1.0,0.8236363636363636,0.8236363636363636,0,3.0,1,109,1,3.0,0.0
1,0.8163265306122448,2.0408163265306123,1.2244897959183672,1.0,0.8314606741573034,2.0786516853932584,100,2.0,1,109,0,5.0,3.0
1,0.7954545454545455,1.3257575757575757,0.5303030303030303,1.0,0.8216216216216217,1.3693693693693694,1,3.0,1,109,1,5.0,2.0
1,0.7954545454545455,1.3257575757575757,0.5303030303030303,1.0,0.8196428571428571,1.3660714285714286,1,3.0,1,109,1,5.0,2.0
1,0.7954545454545455,1.3257575757575757,0.5303030303030303,1.0,0.8176991150442477,1.3628318584070795,1,3.0,2,109,1,5.0,2.0
1,0.8163265306122448,1.2244897959183672,0.4081632653061224,1.0,0.8287292817679557,1.2430939226519335,100,2.0,2,109,0,3.0,1.0
0,0.8163265306122448,0.0,-0.8163265306122448,1.0,0.8397790055248618,0.0,1,2.0,1,109,0,0.0,-2.0
1,0.7954545454545455,1.8560606060606062,1.0606060606060606,1.0,0.8181818181818182,1.9090909090909092,0,3.0,2,109,1,7.0,4.0
1,0.7954545454545455,1.8560606060606062,1.0606060606060606,1.0,0.8134715025906736,1.8981001727115718,1,3.0,2,109,1,7.0,4.0
1,0.7954545454545455,1.3257575757575757,0.5303030303030303,1.0,0.8116438356164383,1.3527397260273972,1,3.0,2,109,1,5.0,2.0
1,0.7954545454545455,1.3257575757575757,0.5303030303030303,1.0,0.8098471986417657,1.3497453310696095,1,3.0,2,109,1,5.0,2.0
0,0.7954545454545455,1.3257575757575757,0.5303030303030303,1.0,0.8080808080808081,1.3468013468013469,1,3.0,2,109,1,5.0,2.0
1,0.8163265306122448,4.081632653061225,3.265306122448979,1.0,0.8062827225130891,4.031413612565445,0,2.0,1,109,0,10.0,8.0
1,0.7954545454545455,1.3257575757575757,0.5303030303030303,1.0,0.8063439065108514,1.343906510851419,1,3.0,2,109,1,5.0,2.0
1,0.7954545454545455,2.121212121212121,1.3257575757575757,1.0,0.7990196078431372,2.130718954248366,100,3.0,1,109,1,8.0,5.0
0,0.7954545454545455,0.26515151515151514,-0.5303030303030303,1.0,0.802610114192496,0.26753670473083196,1,3.0,2,109,1,1.0,-2.0
0,0.8163265306122448,0.8163265306122448,0.0,1.0,0.8082901554404145,0.8082901554404145,0,2.0,1,109,0,2.0,0.0
1,0.8163265306122448,0.8163265306122448,0.0,1.0,0.8102564102564103,0.8102564102564103,0,2.0,1,109,0,2.0,0.0
1,0.7954545454545455,1.3257575757575757,0.5303030303030303,1.0,0.8009708737864077,1.3349514563106795,1,3.0,2,109,1,5.0,2.0
1,0.7954545454545455,1.3257575757575757,0.5303030303030303,1.0,0.7993579454253611,1.332263242375602,1,3.0,2,109,1,5.0,2.0
1,0.7954545454545455,1.3257575757575757,0.5303030303030303,1.0,0.7977707006369427,1.3296178343949046,1,3.0,1,109,1,5.0,2.0
1,0.7954545454545455,1.3257575757575757,0.5303030303030303,1.0,0.7962085308056872,1.3270142180094786,1,3.0,2,109,1,5.0,2.0
1,0.8163265306122448,1.2244897959183672,0.4081632653061224,1.0,0.814070351758794,1.221105527638191,100,2.0,2,109,0,3.0,1.0
1,0.7954545454545455,1.590909090909091,0.7954545454545455,1.0,0.7934272300469484,1.5868544600938967,1,3.0,2,109,1,6.0,3.0
1,0.7954545454545455,1.590909090909091,0.7954545454545455,1.0,0.7906976744186047,1.5813953488372094,1,3.0,2,109,1,6.0,3.0
1,0.7954545454545455,0.5303030303030303,-0.26515151515151514,1.0,0.7928902627511591,0.5285935085007728,1,3.0,2,109,1,2.0,-1.0
0,0.8163265306122448,0.4081632653061224,-0.4081632653061224,1.0,0.8200000000000001,0.41000000000000003,1,2.0,2,109,0,1.0,-1.0
0,0.7954545454545455,1.3257575757575757,0.5303030303030303,1.0,0.7914110429447853,1.3190184049079754,0,3.0,2,109,1,5.0,2.0
0,0.7954545454545455,0.26515151515151514,-0.5303030303030303,1.0,0.7947932618683001,0.2649310872894334,0,3.0,1,109,1,1.0,-2.0
0,0.8163265306122448,0.0,-0.8163265306122448,1.0,0.83,0.0,0,2.0,1,109,0,0.0,-2.0
1,0.7954545454545455,1.8560606060606062,1.0606060606060606,1.0,0.7909090909090909,1.8454545454545455,0,3.0,1,109,1,7.0,4.0
1,0.7954545454545455,0.26515151515151514,-0.5303030303030303,1.0,0.794251134644478,0.264750378214826,1,3.0,1,109,1,1.0,-2.0
0,0.8163265306122448,0.4081632653061224,-0.4081632653061224,1.0,0.835820895522388,0.417910447761194,1,2.0,2,109,0,1.0,-1.0
0,0.7954545454545455,0.26515151515151514,-0.5303030303030303,1.0,0.797583081570997,0.26586102719033233,0,3.0,1,109,1,1.0,-2.0
1,0.7954545454545455,2.6515151515151514,1.8560606060606062,1.0,0.7901785714285714,2.633928571428571,0,3.0,1,109,1,10.0,7.0
0,0.7954545454545455,0.26515151515151514,-0.5303030303030303,1.0,0.7934621099554234,0.26448736998514116,1,3.0,1,109,1,1.0,-2.0
1,0.8163265306122448,0.8163265306122448,0.0,1.0,0.8374384236453202,0.8374384236453202,0,2.0,1,109,0,2.0,0.0
0,0.8163265306122448,0.4081632653061224,-0.4081632653061224,1.0,0.8431372549019607,0.42156862745098034,1,2.0,2,109,0,1.0,-1.0
0,0.8163265306122448,0.0,-0.8163265306122448,1.0,0.8529411764705883,0.0,0,2.0,1,109,0,0.0,-2.0
1,0.7954545454545455,2.121212121212121,1.3257575757575757,1.0,0.788546255506608,2.1027900146842877,0,3.0,2,109,1,8.0,5.0
1,0.7954545454545455,1.3257575757575757,0.5303030303030303,1.0,0.7871720116618076,1.3119533527696794,1,3.0,2,109,1,5.0,2.0
0,0.7954545454545455,0.26515151515151514,-0.5303030303030303,1.0,0.7903930131004366,0.26346433770014555,1,3.0,2,109,1,1.0,-2.0
1,0.7954545454545455,0.26515151515151514,-0.5303030303030303,1.0,0.7936046511627908,0.26453488372093026,0,3.0,1,109,1,1.0,-2.0
1,0.7954545454545455,0.7954545454545455,0.0,1.0,0.7931034482758621,0.7931034482758621,100,3.0,1,109,1,3.0,0.0
0,0.7954545454545455,1.3257575757575757,0.5303030303030303,1.0,0.7917261055634808,1.3195435092724679,1,3.0,1,109,1,5.0,2.0
1,0.8163265306122448,1.2244897959183672,0.4081632653061224,1.0,0.8502415458937199,1.2753623188405798,0,2.0,2,109,0,3.0,1.0
1,0.8163265306122448,1.2244897959183672,0.4081632653061224,1.0,0.8476190476190476,1.2714285714285714,1,2.0,1,109,0,3.0,1.0
0,0.7954545454545455,0.0,-0.7954545454545455,1.0,0.7960057061340942,0.0,1,3.0,2,109,1,0.0,-3.0
0,0.7954545454545455,0.7954545454545455,0.0,1.0,0.7941176470588236,0.7941176470588236,100,3.0,2,109,1,3.0,0.0
1,0.8163265306122448,2.0408163265306123,1.2244897959183672,1.0,0.8465116279069768,2.1162790697674416,0,2.0,2,109,0,5.0,3.0
1,0.7954545454545455,0.7954545454545455,0.0,1.0,0.7949790794979079,0.7949790794979079,1,3.0,1,109,1,3.0,0.0
1,0.7954545454545455,0.7954545454545455,0.0,1.0,0.7966804979253111,0.7966804979253111,100,3.0,2,109,1,3.0,0.0
1,0.7954545454545455,0.26515151515151514,-0.5303030303030303,1.0,0.7997237569060773,0.26657458563535913,1,3.0,2,109,1,1.0,-2.0
1,0.7954545454545455,1.3257575757575757,0.5303030303030303,1.0,0.7983539094650206,1.3305898491083676,1,3.0,1,109,1,5.0,2.0
1,0.8163265306122448,1.6326530612244896,0.8163265306122448,1.0,0.8303571428571428,1.6607142857142856,100,2.0,1,109,0,4.0,2.0
1,0.8163265306122448,0.4081632653061224,-0.4081632653061224,1.0,0.8355555555555555,0.41777777777777775,1,2.0,2,109,0,1.0,-1.0
1,0.7954545454545455,0.5303030303030303,-0.26515151515151514,1.0,0.8018995929443691,0.5345997286295794,1,3.0,1,109,1,2.0,-1.0
0,0.7954545454545455,0.0,-0.7954545454545455,1.0,0.8089430894308943,0.0,100,3.0,1,109,1,0.0,-3.0
0,0.8163265306122448,0.8163265306122448,0.0,1.0,0.8370044052863437,0.8370044052863437,100,2.0,2,109,0,2.0,0.0
0,0.8163265306122448,0.0,-0.8163265306122448,1.0,0.8458149779735682,0.0,0,2.0,1,109,0,0.0,-2.0
1,0.7954545454545455,2.6515151515151514,1.8560606060606062,1.0,0.8039999999999999,2.6799999999999997,0,3.0,2,109,1,10.0,7.0
1,0.8163265306122448,0.8163265306122448,0.0,1.0,0.8471615720524017,0.8471615720524017,1,2.0,1,109,0,2.0,0.0
1,0.7954545454545455,1.3257575757575757,0.5303030303030303,1.0,0.8020969855832241,1.3368283093053734,100,3.0,2,109,1,5.0,2.0
1,0.7954545454545455,2.6515151515151514,1.8560606060606062,1.0,0.795601552393273,2.6520051746442435,1,3.0,1,109,1,10.0,7.0
1,0.7954545454545455,1.3257575757575757,0.5303030303030303,1.0,0.794344473007712,1.3239074550128533,1,3.0,2,109,1,5.0,2.0
1,0.8163265306122448,2.0408163265306123,1.2244897959183672,1.0,0.8114754098360656,2.028688524590164,100,2.0,1,109,0,5.0,3.0
1,0.7954545454545455,1.3257575757575757,0.5303030303030303,1.0,0.7931034482758621,1.3218390804597702,1,3.0,1,109,1,5.0,2.0
0,0.8163265306122448,0.4081632653061224,-0.4081632653061224,1.0,0.8163265306122448,0.4081632653061224,1,2.0,2,109,0,1.0,-1.0
0,0.7954545454545455,0.26515151515151514,-0.5303030303030303,1.0,0.7959183673469388,0.2653061224489796,0,3.0,1,109,1,1.0,-2.0
0,0.7954545454545455,0.7954545454545455,0.0,1.0,0.7966963151207116,0.7966963151207116,0,3.0,1,109,1,3.0,0.0
1,0.7954545454545455,1.3257575757575757,0.5303030303030303,1.0,0.7954545454545455,1.3257575757575757,0,3.0,1,109,1,5.0,2.0
1,0.6976744186046512,2.3255813953488373,1.627906976744186,2.0,0.3,1.0,100,3.0,2,109,1,10.0,7.0
0,0.6976744186046512,0.6976744186046512,0.0,2.0,0.46153846153846156,0.46153846153846156,1,3.0,2,109,1,3.0,0.0
1,0.8771929824561403,1.7543859649122806,0.8771929824561403,2.0,0.5,1.0,0,2.5,2,109,0,5.0,2.5
0,0.6976744186046512,1.1627906976744187,0.46511627906976744,2.0,0.5,0.8333333333333334,1,3.0,2,109,1,5.0,2.0
1,0.6976744186046512,1.1627906976744187,0.46511627906976744,2.0,0.5217391304347826,0.8695652173913043,0,3.0,2,109,1,5.0,2.0
1,0.6976744186046512,3.0232558139534884,2.3255813953488373,2.0,0.41666666666666663,1.8055555555555556,1,3.0,1,109,1,13.0,10.0
0,0.8771929824561403,0.3508771929824561,-0.5263157894736842,2.0,0.8333333333333334,0.3333333333333333,1,2.5,1,109,0,1.0,-1.5
1,0.8771929824561403,1.7543859649122806,0.8771929824561403,2.0,0.6818181818181819,1.3636363636363638,0,2.5,1,109,0,5.0,2.5
0,0.6976744186046512,0.23255813953488372,-0.46511627906976744,2.0,0.48648648648648646,0.16216216216216214,1,3.0,2,109,1,1.0,-2.0
0,0.6976744186046512,0.46511627906976744,-0.23255813953488372,2.0,0.5384615384615384,0.358974358974359,0,3.0,1,109,1,2.0,-1.0
0,0.6976744186046512,0.23255813953488372,-0.46511627906976744,2.0,0.6585365853658537,0.21951219512195122,100,3.0,1,109,1,1.0,-2.0
1,0.6976744186046512,1.627906976744186,0.9302325581395349,2.0,0.625,1.4583333333333335,0,3.0,2,109,1,7.0,4.0
1,0.6976744186046512,1.3953488372093024,0.6976744186046512,2.0,0.611111111111111,1.222222222222222,1,3.0,1,109,1,6.0,3.0
1,0.8771929824561403,1.0526315789473684,0.17543859649122806,2.0,0.7142857142857143,0.8571428571428571,1,2.5,1,109,0,3.0,0.5
1,0.6976744186046512,0.23255813953488372,-0.46511627906976744,2.0,0.6545454545454545,0.2181818181818182,1,3.0,1,109,1,1.0,-2.0
0,0.8771929824561403,0.7017543859649122,-0.17543859649122806,2.0,0.78125,0.625,1,2.5,2,109,0,2.0,-0.5
1,0.6976744186046512,0.23255813953488372,-0.46511627906976744,2.0,0.6964285714285715,0.23214285714285715,0,3.0,1,109,1,1.0,-2.0
0,0.8771929824561403,0.7017543859649122,-0.17543859649122806,2.0,0.8333333333333334,0.6666666666666666,1,2.5,1,109,0,2.0,-0.5
1,0.6976744186046512,1.1627906976744187,0.46511627906976744,2.0,0.6885245901639345,1.1475409836065575,100,3.0,2,109,1,5.0,2.0
1,0.6976744186046512,0.9302325581395349,0.23255813953488372,2.0,0.7164179104477612,0.9552238805970149,100,3.0,2,109,1,4.0,1.0
0,0.6976744186046512,0.23255813953488372,-0.46511627906976744,2.0,0.75,0.25,1,3.0,1,109,1,1.0,-2.0
0,0.6976744186046512,0.6976744186046512,0.0,2.0,0.7702702702702703,0.7702702702702703,100,3.0,2,109,1,3.0,0.0
0,0.6976744186046512,1.3953488372093024,0.6976744186046512,2.0,0.75,1.5,0,3.0,1,109,1,6.0,3.0
1,0.8771929824561403,1.0526315789473684,0.17543859649122806,2.0,0.8,0.96,100,2.5,1,109,0,3.0,0.5
1,0.6976744186046512,2.3255813953488373,1.627906976744186,2.0,0.7096774193548386,2.365591397849462,1,3.0,1,109,1,10.0,7.0
0,0.8771929824561403,0.0,-0.8771929824561403,2.0,0.9,0.0,1,2.5,2,109,0,0.0,-2.5
0,0.8771929824561403,0.3508771929824561,-0.5263157894736842,2.0,0.9615384615384615,0.3846153846153846,0,2.5,2,109,0,1.0,-1.5
1,0.8771929824561403,1.0526315789473684,0.17543859649122806,2.0,0.9482758620689655,1.1379310344827587,100,2.5,2,109,0,3.0,0.5
0,0.6976744186046512,0.46511627906976744,-0.23255813953488372,2.0,0.75,0.5,1,3.0,1,109,1,2.0,-1.0
0,0.6976744186046512,0.46511627906976744,-0.23255813953488372,2.0,0.7647058823529412,0.5098039215686275,0,3.0,1,109,1,2.0,-1.0
1,0.6976744186046512,2.3255813953488373,1.627906976744186,2.0,0.7232142857142858,2.410714285714286,0,3.0,1,109,1,10.0,7.0
1,0.6976744186046512,0.6976744186046512,0.0,2.0,0.7304347826086958,0.7304347826086958,1,3.0,1,109,1,3.0,0.0
1,0.6976744186046512,1.3953488372093024,0.6976744186046512,2.0,0.7190082644628099,1.4380165289256197,1,3.0,2,109,1,6.0,3.0
1,0.6976744186046512,0.46511627906976744,-0.23255813953488372,2.0,0.7317073170731708,0.48780487804878053,1,3.0,1,109,1,2.0,-1.0
1,0.6976744186046512,1.1627906976744187,0.46511627906976744,2.0,0.7265625,1.2109375,1,3.0,2,109,1,5.0,2.0
0,0.6976744186046512,0.46511627906976744,-0.23255813953488372,2.0,0.7384615384615385,0.49230769230769234,1,3.0,1,109,1,2.0,-1.0
1,0.8771929824561403,3.508771929824561,2.631578947368421,2.0,0.7692307692307693,3.076923076923077,0,2.5,2,109,0,10.0,7.5
0,0.6976744186046512,0.46511627906976744,-0.23255813953488372,2.0,0.75,0.5,1,3.0,1,109,1,2.0,-1.0
1,0.8771929824561403,1.0526315789473684,0.17543859649122806,2.0,0.7738095238095238,0.9285714285714286,0,2.5,2,109,0,3.0,0.5
1,0.8771929824561403,0.3508771929824561,-0.5263157894736842,2.0,0.813953488372093,0.3255813953488372,1,2.5,2,109,0,1.0,-1.5
0,0.6976744186046512,0.6976744186046512,0.0,2.0,0.7555555555555555,0.7555555555555555,100,3.0,1,109,1,3.0,0.0
1,0.6976744186046512,0.46511627906976744,-0.23255813953488372,2.0,0.7664233576642336,0.5109489051094891,0,3.0,1,109,1,2.0,-1.0
1,0.6976744186046512,0.6976744186046512,0.0,2.0,0.7714285714285715,0.7714285714285715,1,3.0,1,109,1,3.0,0.0
0,0.6976744186046512,0.23255813953488372,-0.46511627906976744,2.0,0.7872340425531914,0.2624113475177305,1,3.0,2,109,1,1.0,-2.0
0,0.8771929824561403,0.3508771929824561,-0.5263157894736842,2.0,0.8163265306122449,0.32653061224489793,0,2.5,1,109,0,1.0,-1.5
1,0.6976744186046512,2.3255813953488373,1.627906976744186,2.0,0.7549668874172185,2.5165562913907285,0,3.0,2,109,1,10.0,7.0
0,0.6976744186046512,0.6976744186046512,0.0,2.0,0.7597402597402597,0.7597402597402597,100,3.0,1,109,1,3.0,0.0
1,0.6976744186046512,0.6976744186046512,0.0,2.0,0.7643312101910829,0.7643312101910829,0,3.0,1,109,1,3.0,0.0
0,0.8771929824561403,0.7017543859649122,-0.17543859649122806,2.0,0.8333333333333334,0.6666666666666666,1,2.5,1,109,0,2.0,-0.5
1,0.6976744186046512,3.0232558139534884,2.3255813953488373,2.0,0.7235294117647059,3.135294117647059,0,3.0,2,109,1,13.0,10.0
0,0.6976744186046512,0.6976744186046512,0.0,2.0,0.7247191011235955,0.7247191011235955,100,3.0,1,109,1,3.0,0.0
0,0.8771929824561403,0.7017543859649122,-0.17543859649122806,2.0,0.8898305084745763,0.7118644067796611,0,2.5,2,109,0,2.0,-0.5
1,0.6976744186046512,0.9302325581395349,0.23255813953488372,2.0,0.7252747252747253,0.9670329670329669,0,3.0,2,109,1,4.0,1.0
0,0.8771929824561403,0.0,-0.8771929824561403,2.0,0.9322033898305085,0.0,1,2.5,1,109,0,0.0,-2.5
1,0.6976744186046512,0.6976744186046512,0.0,2.0,0.7297297297297298,0.7297297297297298,0,3.0,2,109,1,3.0,0.0
1,0.6976744186046512,1.1627906976744187,0.46511627906976744,2.0,0.7263157894736842,1.2105263157894737,1,3.0,2,109,1,5.0,2.0
1,0.6976744186046512,2.7906976744186047,2.0930232558139537,2.0,0.698019801980198,2.792079207920792,1,3.0,1,109,1,12.0,9.0
1,0.6976744186046512,1.1627906976744187,0.46511627906976744,2.0,0.6956521739130435,1.1594202898550725,1,3.0,1,109,1,5.0,2.0
1,0.8771929824561403,0.3508771929824561,-0.5263157894736842,2.0,0.9583333333333334,0.3833333333333333,1,2.5,1,109,0,1.0,-1.5
1,0.8771929824561403,1.7543859649122806,0.8771929824561403,2.0,0.9328358208955223,1.8656716417910446,100,2.5,2,109,0,5.0,2.5
1,0.6976744186046512,1.3953488372093024,0.6976744186046512,2.0,0.6901408450704225,1.380281690140845,1,3.0,2,109,1,6.0,3.0
1,0.6976744186046512,1.1627906976744187,0.46511627906976744,2.0,0.6880733944954128,1.146788990825688,1,3.0,2,109,1,5.0,2.0
1,0.6976744186046512,0.6976744186046512,0.0,2.0,0.6923076923076924,0.6923076923076924,1,3.0,2,109,1,3.0,0.0
1,0.8771929824561403,1.7543859649122806,0.8771929824561403,2.0,0.9027777777777778,1.8055555555555556,1,2.5,2,109,0,5.0,2.5
1,0.6976744186046512,0.6976744186046512,0.0,2.0,0.6964285714285715,0.6964285714285715,1,3.0,1,109,1,3.0,0.0
0,0.8771929824561403,1.0526315789473684,0.17543859649122806,2.0,0.9,1.08,100,2.5,2,109,0,3.0,0.5
1,0.6976744186046512,0.6976744186046512,0.0,2.0,0.7043478260869565,0.7043478260869565,0,3.0,1,109,1,3.0,0.0
1,0.6976744186046512,1.1627906976744187,0.46511627906976744,2.0,0.7021276595744681,1.1702127659574468,1,3.0,2,109,1,5.0,2.0
1,0.6976744186046512,1.1627906976744187,0.46511627906976744,2.0,0.7037037037037036,1.1728395061728394,100,3.0,2,109,1,5.0,2.0
1,0.6976744186046512,2.3255813953488373,1.627906976744186,2.0,0.6877470355731226,2.292490118577075,100,3.0,1,109,1,10.0,7.0
1,0.6976744186046512,1.8604651162790697,1.1627906976744187,2.0,0.6870229007633588,1.8320610687022902,100,3.0,1,109,1,8.0,5.0
1,0.8771929824561403,1.7543859649122806,0.8771929824561403,2.0,0.8823529411764706,1.7647058823529411,1,2.5,1,109,0,5.0,2.5
1,0.6976744186046512,1.3953488372093024,0.6976744186046512,2.0,0.6828358208955223,1.3656716417910446,1,3.0,2,109,1,6.0,3.0
0,0.6976744186046512,0.6976744186046512,0.0,2.0,0.6863468634686347,0.6863468634686347,1,3.0,1,109,1,3.0,0.0
1,0.6976744186046512,0.6976744186046512,0.0,2.0,0.6897810218978103,0.6897810218978103,0,3.0,1,109,1,3.0,0.0
0,0.6976744186046512,0.23255813953488372,-0.46511627906976744,2.0,0.7065217391304348,0.23550724637681159,100,3.0,1,109,1,1.0,-2.0
1,0.6976744186046512,0.46511627906976744,-0.23255813953488372,2.0,0.7122302158273381,0.47482014388489213,0,3.0,1,109,1,2.0,-1.0
1,0.6976744186046512,0.6976744186046512,0.0,2.0,0.7153024911032029,0.7153024911032029,1,3.0,1,109,1,3.0,0.0
1,0.6976744186046512,3.488372093023256,2.7906976744186047,2.0,0.6891891891891893,3.445945945945946,1,3.0,2,109,1,15.0,12.0
0,0.8771929824561403,0.0,-0.8771929824561403,2.0,0.911764705882353,0.0,1,2.5,1,109,0,0.0,-2.5
0,0.6976744186046512,0.23255813953488372,-0.46511627906976744,2.0,0.7000000000000001,0.23333333333333334,100,3.0,2,109,1,1.0,-2.0
1,0.6976744186046512,1.1627906976744187,0.46511627906976744,2.0,0.6983606557377049,1.1639344262295082,0,3.0,2,109,1,5.0,2.0
1,0.6976744186046512,0.9302325581395349,0.23255813953488372,2.0,0.6990291262135921,0.9320388349514562,1,3.0,1,109,1,4.0,1.0
0,0.8771929824561403,0.3508771929824561,-0.5263157894736842,2.0,0.9302325581395349,0.37209302325581395,1,2.5,1,109,0,1.0,-1.5
0,0.8771929824561403,0.3508771929824561,-0.5263157894736842,2.0,0.9482758620689655,0.37931034482758624,0,2.5,1,109,0,1.0,-1.5
1,0.6976744186046512,0.46511627906976744,-0.23255813953488372,2.0,0.7041800643086817,0.4694533762057878,0,3.0,1,109,1,2.0,-1.0
0,0.6976744186046512,0.23255813953488372,-0.46511627906976744,2.0,0.7115384615384616,0.2371794871794872,100,3.0,1,109,1,1.0,-2.0
1,0.8771929824561403,0.3508771929824561,-0.5263157894736842,2.0,0.9615384615384615,0.3846153846153846,0,2.5,2,109,0,1.0,-1.5
1,0.6976744186046512,1.1627906976744187,0.46511627906976744,2.0,0.7097791798107256,1.1829652996845426,1,3.0,2,109,1,5.0,2.0
1,0.8771929824561403,1.4035087719298245,0.5263157894736842,2.0,0.9473684210526316,1.5157894736842106,1,2.5,1,109,0,4.0,1.5
0,0.8771929824561403,0.3508771929824561,-0.5263157894736842,2.0,0.9635416666666666,0.38541666666666663,1,2.5,1,109,0,1.0,-1.5
0,0.6976744186046512,0.6976744186046512,0.0,2.0,0.7125,0.7125,0,3.0,1,109,1,3.0,0.0
0,0.6976744186046512,0.46511627906976744,-0.23255813953488372,2.0,0.7267080745341614,0.48447204968944096,100,3.0,2,109,1,2.0,-1.0
1,0.6976744186046512,1.3953488372093024,0.6976744186046512,2.0,0.7225609756097561,1.4451219512195121,0,3.0,1,109,1,6.0,3.0
1,0.6976744186046512,2.3255813953488373,1.627906976744186,2.0,0.7100591715976332,2.366863905325444,1,3.0,1,109,1,10.0,7.0
0,0.6976744186046512,0.46511627906976744,-0.23255813953488372,2.0,0.7147058823529412,0.47647058823529415,1,3.0,2,109,1,2.0,-1.0
1,0.8771929824561403,1.7543859649122806,0.8771929824561403,2.0,0.8783783783783784,1.7567567567567568,100,2.5,2,109,0,5.0,2.5
1,0.8771929824561403,1.0526315789473684,0.17543859649122806,2.0,0.8771929824561403,1.0526315789473684,100,2.5,1,109,0,3.0,0.5
1,0.6976744186046512,1.3953488372093024,0.6976744186046512,2.0,0.7138810198300283,1.4277620396600565,1,3.0,2,109,1,6.0,3.0
0,0.6976744186046512,0.46511627906976744,-0.23255813953488372,2.0,0.7183098591549295,0.4788732394366197,100,3.0,2,109,1,2.0,-1.0
1,0.6976744186046512,1.1627906976744187,0.46511627906976744,2.0,0.7166666666666666,1.1944444444444444,0,3.0,2,109,1,5.0,2.0
1,0.6976744186046512,0.9302325581395349,0.23255813953488372,2.0,0.717032967032967,0.9560439560439561,1,3.0,2,109,1,4.0,1.0
1,0.6976744186046512,1.627906976744186,0.9302325581395349,2.0,0.7158176943699732,1.6702412868632708,100,3.0,2,109,1,7.0,4.0
1,0.6976744186046512,1.1627906976744187,0.46511627906976744,2.0,0.7072538860103627,1.1787564766839378,100,3.0,1,109,1,5.0,2.0
0,0.6976744186046512,0.23255813953488372,-0.46511627906976744,2.0,0.7131782945736435,0.23772609819121449,1,3.0,2,109,1,1.0,-2.0
0,0.6976744186046512,0.23255813953488372,-0.46511627906976744,2.0,0.7190721649484536,0.23969072164948454,0,3.0,1,109,1,1.0,-2.0
0,0.6976744186046512,0.23255813953488372,-0.46511627906976744,2.0,0.724935732647815,0.2416452442159383,0,3.0,1,109,1,1.0,-2.0
1,0.8771929824561403,1.7543859649122806,0.8771929824561403,2.0,0.8613445378151261,1.7226890756302522,0,2.5,1,109,0,5.0,2.5
1,0.6976744186046512,1.3953488372093024,0.6976744186046512,2.0,0.7215189873417721,1.4430379746835442,1,3.0,1,109,1,6.0,3.0
1,0.8771929824561403,1.7543859649122806,0.8771929824561403,2.0,0.846774193548387,1.693548387096774,1,2.5,2,109,0,5.0,2.5
1,0.6976744186046512,0.23255813953488372,-0.46511627906976744,2.0,0.7238805970149254,0.24129353233830844,100,3.0,1,109,1,1.0,-2.0
0,0.6976744186046512,1.1627906976744187,0.46511627906976744,2.0,0.7223587223587223,1.203931203931204,1,3.0,1,109,1,5.0,2.0
0,0.6976744186046512,0.6976744186046512,0.0,2.0,0.7243902439024391,0.7243902439024391,0,3.0,2,109,1,3.0,0.0
0,0.6976744186046512,2.7906976744186047,2.0930232558139537,2.0,0.7109004739336493,2.843601895734597,0,3.0,1,109,1,12.0,9.0
0,0.8771929824561403,1.0526315789473684,0.17543859649122806,2.0,0.8464566929133859,1.015748031496063,0,2.5,2,109,0,3.0,0.5
1,0.8771929824561403,0.7017543859649122,-0.17543859649122806,2.0,0.8527131782945737,0.6821705426356589,0,2.5,2,109,0,2.0,-0.5
1,0.6976744186046512,1.3953488372093024,0.6976744186046512,2.0,0.7079439252336448,1.4158878504672896,1,3.0,1,109,1,6.0,3.0
1,0.6976744186046512,1.3953488372093024,0.6976744186046512,2.0,0.7050691244239632,1.4101382488479264,1,3.0,1,109,1,6.0,3.0
0,0.8771929824561403,1.7543859649122806,0.8771929824561403,2.0,0.8395522388059701,1.6791044776119401,1,2.5,1,109,0,5.0,2.5
0,0.6976744186046512,2.3255813953488373,1.627906976744186,2.0,0.6959459459459459,2.31981981981982,0,3.0,2,109,1,10.0,7.0
0,0.8771929824561403,0.3508771929824561,-0.5263157894736842,2.0,0.8518518518518519,0.34074074074074073,0,2.5,1,109,0,1.0,-1.5
1,0.8771929824561403,1.4035087719298245,0.5263157894736842,2.0,0.8453237410071942,1.3525179856115108,0,2.5,1,109,0,4.0,1.5
1,0.6976744186046512,2.3255813953488373,1.627906976744186,2.0,0.6788793103448275,2.2629310344827585,100,3.0,1,109,1,10.0,7.0
0,0.6976744186046512,0.23255813953488372,-0.46511627906976744,2.0,0.6838709677419356,0.22795698924731184,1,3.0,1,109,1,1.0,-2.0
0,0.6976744186046512,0.23255813953488372,-0.46511627906976744,2.0,0.6888412017167382,0.2296137339055794,0,3.0,2,109,1,1.0,-2.0
0,0.6976744186046512,0.46511627906976744,-0.23255813953488372,2.0,0.6923076923076924,0.46153846153846156,0,3.0,2,109,1,2.0,-1.0
1,0.6976744186046512,2.3255813953488373,1.627906976744186,2.0,0.6832298136645963,2.277432712215321,100,3.0,1,109,1,10.0,7.0
1,0.6976744186046512,0.6976744186046512,0.0,2.0,0.6851851851851852,0.6851851851851852,1,3.0,2,109,1,3.0,0.0
1,0.6976744186046512,0.6976744186046512,0.0,2.0,0.6871165644171778,0.6871165644171778,1,3.0,2,109,1,3.0,0.0
1,0.6976744186046512,1.1627906976744187,0.46511627906976744,2.0,0.6862348178137652,1.1437246963562753,1,3.0,1,109,1,5.0,2.0
0,0.8771929824561403,0.3508771929824561,-0.5263157894736842,2.0,0.8916083916083917,0.35664335664335667,1,2.5,2,109,0,1.0,-1.5
1,0.8771929824561403,0.3508771929824561,-0.5263157894736842,2.0,0.9027777777777778,0.3611111111111111,0,2.5,1,109,0,1.0,-1.5
1,0.6976744186046512,2.3255813953488373,1.627906976744186,2.0,0.6845238095238096,2.281746031746032,100,3.0,2,109,1,10.0,7.0
1,0.6976744186046512,1.3953488372093024,0.6976744186046512,2.0,0.6815533980582523,1.3631067961165046,100,3.0,2,109,1,6.0,3.0
1,0.6976744186046512,0.6976744186046512,0.0,2.0,0.6826003824091778,0.6826003824091778,100,3.0,1,109,1,3.0,0.0
0,0.6976744186046512,0.6976744186046512,0.0,2.0,0.6772388059701492,0.6772388059701492,100,3.0,1,109,1,3.0,0.0
1,0.8771929824561403,1.0526315789473684,0.17543859649122806,2.0,0.9166666666666667,1.1,0,2.5,2,109,0,3.0,0.5
0,0.6976744186046512,0.23255813953488372,-0.46511627906976744,2.0,0.6815642458100558,0.22718808193668527,1,3.0,2,109,1,1.0,-2.0
1,0.8771929824561403,0.3508771929824561,-0.5263157894736842,2.0,0.9271523178807947,0.37086092715231783,0,2.5,2,109,0,1.0,-1.5
1,0.8771929824561403,3.508771929824561,2.631578947368421,2.0,0.8841463414634146,3.5365853658536586,100,2.5,1,109,0,10.0,7.5
0,0.8771929824561403,0.7017543859649122,-0.17543859649122806,2.0,0.8885542168674698,0.7108433734939759,1,2.5,1,109,0,2.0,-0.5
1,0.8771929824561403,1.7543859649122806,0.8771929824561403,2.0,0.8771929824561403,1.7543859649122806,100,2.5,1,109,0,5.0,2.5
1,0.8771929824561403,3.508771929824561,2.631578947368421,2.0,0.8425414364640884,3.3701657458563536,100,2.5,1,109,0,10.0,7.5
0,0.6976744186046512,0.23255813953488372,-0.46511627906976744,2.0,0.6877256317689531,0.22924187725631767,1,3.0,2,109,1,1.0,-2.0
0,0.6976744186046512,1.1627906976744187,0.46511627906976744,2.0,0.6869409660107334,1.144901610017889,0,3.0,1,109,1,5.0,2.0
1,0.6976744186046512,2.3255813953488373,1.627906976744186,2.0,0.680140597539543,2.2671353251318105,0,3.0,2,109,1,10.0,7.0
0,0.8771929824561403,0.7017543859649122,-0.17543859649122806,2.0,0.8469945355191256,0.6775956284153005,1,2.5,2,109,0,2.0,-0.5
1,0.6976744186046512,1.3953488372093024,0.6976744186046512,2.0,0.6782608695652174,1.3565217391304347,0,3.0,1,109,1,6.0,3.0
0,0.8771929824561403,0.0,-0.8771929824561403,2.0,0.8606557377049181,0.0,1,2.5,1,109,0,0.0,-2.5
1,0.6976744186046512,1.1627906976744187,0.46511627906976744,2.0,0.6775862068965518,1.1293103448275863,0,3.0,1,109,1,5.0,2.0
1,0.6976744186046512,0.6976744186046512,0.0,2.0,0.6792452830188679,0.6792452830188679,1,3.0,2,109,1,3.0,0.0
1,0.6976744186046512,2.3255813953488373,1.627906976744186,2.0,0.6767676767676768,2.255892255892256,100,3.0,2,109,1,10.0,7.0
0,0.8771929824561403,0.0,-0.8771929824561403,2.0,0.854922279792746,0.0,100,2.5,2,109,0,0.0,-2.5
0,0.6976744186046512,0.46511627906976744,-0.23255813953488372,2.0,0.6754966887417219,0.45033112582781454,0,3.0,1,109,1,2.0,-1.0
1,0.6976744186046512,1.1627906976744187,0.46511627906976744,2.0,0.6748768472906403,1.1247947454844005,100,3.0,1,109,1,5.0,2.0
0,0.6976744186046512,0.23255813953488372,-0.46511627906976744,2.0,0.6786885245901639,0.2262295081967213,1,3.0,1,109,1,1.0,-2.0
1,0.8771929824561403,1.7543859649122806,0.8771929824561403,2.0,0.8542713567839196,1.7085427135678393,0,2.5,1,109,0,5.0,2.5
0,0.8771929824561403,0.3508771929824561,-0.5263157894736842,2.0,0.8625,0.345,1,2.5,1,109,0,1.0,-1.5
0,0.6976744186046512,0.6976744186046512,0.0,2.0,0.6802610114192496,0.6802610114192496,0,3.0,2,109,1,3.0,0.0
0,0.8771929824561403,0.3508771929824561,-0.5263157894736842,2.0,0.8706467661691543,0.3482587064676617,0,2.5,1,109,0,1.0,-1.5
1,0.6976744186046512,2.3255813953488373,1.627906976744186,2.0,0.6741573033707865,2.2471910112359548,0,3.0,2,109,1,10.0,7.0
1,0.6976744186046512,2.7906976744186047,2.0930232558139537,2.0,0.665625,2.6625,100,3.0,1,109,1,12.0,9.0
1,0.6976744186046512,0.9302325581395349,0.23255813953488372,2.0,0.6661490683229814,0.8881987577639752,1,3.0,1,109,1,4.0,1.0
1,0.6976744186046512,1.3953488372093024,0.6976744186046512,2.0,0.6646153846153846,1.3292307692307692,1,3.0,2,109,1,6.0,3.0
1,0.8771929824561403,1.0526315789473684,0.17543859649122806,2.0,0.8700980392156862,1.0441176470588234,1,2.5,1,109,0,3.0,0.5
1,0.6976744186046512,1.1627906976744187,0.46511627906976744,2.0,0.6641221374045801,1.1068702290076335,1,3.0,1,109,1,5.0,2.0
1,0.6976744186046512,1.1627906976744187,0.46511627906976744,2.0,0.6636363636363636,1.106060606060606,1,3.0,1,109,1,5.0,2.0
0,0.8771929824561403,0.7017543859649122,-0.17543859649122806,2.0,0.8737864077669902,0.6990291262135923,1,2.5,2,109,0,2.0,-0.5
0,0.6976744186046512,0.46511627906976744,-0.23255813953488372,2.0,0.6661631419939577,0.4441087613293051,0,3.0,1,109,1,2.0,-1.0
0,0.6976744186046512,0.9302325581395349,0.23255813953488372,2.0,0.6666666666666666,0.8888888888888888,0,3.0,2,109,1,4.0,1.0
1,0.8771929824561403,1.0526315789473684,0.17543859649122806,2.0,0.8732057416267943,1.0478468899521531,0,2.5,1,109,0,3.0,0.5
1,0.6976744186046512,1.1627906976744187,0.46511627906976744,2.0,0.6661698956780925,1.1102831594634874,1,3.0,2,109,1,5.0,2.0
1,0.6976744186046512,1.627906976744186,0.9302325581395349,2.0,0.6637168141592921,1.5486725663716816,100,3.0,2,109,1,7.0,4.0
0,0.6976744186046512,0.23255813953488372,-0.46511627906976744,2.0,0.6671575846833578,0.22238586156111928,1,3.0,1,109,1,1.0,-2.0
1,0.8771929824561403,1.0526315789473684,0.17543859649122806,2.0,0.8680555555555556,1.0416666666666667,0,2.5,1,109,0,3.0,0.5
0,0.6976744186046512,0.46511627906976744,-0.23255813953488372,2.0,0.6685962373371925,0.44573082489146165,100,3.0,2,109,1,2.0,-1.0
0,0.6976744186046512,0.6976744186046512,0.0,2.0,0.670028818443804,0.670028818443804,0,3.0,2,109,1,3.0,0.0
0,0.6976744186046512,0.6976744186046512,0.0,2.0,0.6714490674318507,0.6714490674318507,100,3.0,2,109,1,3.0,0.0
1,0.6976744186046512,0.6976744186046512,0.0,2.0,0.6728571428571428,0.6728571428571428,0,3.0,2,109,1,3.0,0.0
0,0.6976744186046512,0.46511627906976744,-0.23255813953488372,2.0,0.6752136752136753,0.4501424501424502,1,3.0,2,109,1,2.0,-1.0
0,0.6976744186046512,0.6976744186046512,0.0,2.0,0.6765957446808512,0.6765957446808512,0,3.0,2,109,1,3.0,0.0
0,0.6976744186046512,0.6976744186046512,0.0,2.0,0.6779661016949153,0.6779661016949153,0,3.0,2,109,1,3.0,0.0
0,0.6976744186046512,0.0,-0.6976744186046512,2.0,0.6822033898305085,0.0,0,3.0,1,109,1,0.0,-3.0
0,0.8771929824561403,0.7017543859649122,-0.17543859649122806,2.0,0.8632286995515696,0.6905829596412556,0,2.5,2,109,0,2.0,-0.5
1,0.8771929824561403,0.3508771929824561,-0.5263157894736842,2.0,0.8705357142857143,0.3482142857142857,0,2.5,1,109,0,1.0,-1.5
1,0.6976744186046512,1.1627906976744187,0.46511627906976744,2.0,0.6816269284712483,1.1360448807854138,1,3.0,1,109,1,5.0,2.0
0,0.6976744186046512,0.46511627906976744,-0.23255813953488372,2.0,0.6839160839160839,0.45594405594405596,1,3.0,2,109,1,2.0,-1.0
0,0.6976744186046512,0.23255813953488372,-0.46511627906976744,2.0,0.6871508379888268,0.22905027932960892,0,3.0,1,109,1,1.0,-2.0
1,0.6976744186046512,3.488372093023256,2.7906976744186047,2.0,0.6771545827633378,3.385772913816689,0,3.0,1,109,1,15.0,12.0
0,0.6976744186046512,0.46511627906976744,-0.23255813953488372,2.0,0.679399727148704,0.4529331514324693,1,3.0,2,109,1,2.0,-1.0
0,0.6976744186046512,1.1627906976744187,0.46511627906976744,2.0,0.6788617886178862,1.1314363143631436,0,3.0,2,109,1,5.0,2.0
1,0.6976744186046512,1.627906976744186,0.9302325581395349,2.0,0.676510067114094,1.578523489932886,0,3.0,1,109,1,7.0,4.0
0,0.8771929824561403,1.0526315789473684,0.17543859649122806,2.0,0.8700440528634361,1.0440528634361232,1,2.5,2,109,0,3.0,0.5
0,0.8771929824561403,0.3508771929824561,-0.5263157894736842,2.0,0.8771929824561403,0.3508771929824561,0,2.5,1,109,0,1.0,-1.5
1,0.6976744186046512,1.8604651162790697,1.1627906976744187,2.0,0.6733067729083666,1.795484727755644,100,3.0,1,109,1,8.0,5.0
1,0.8771929824561403,1.0526315789473684,0.17543859649122806,2.0,0.8766233766233766,1.051948051948052,1,2.5,1,109,0,3.0,0.5
1,0.6976744186046512,1.1627906976744187,0.46511627906976744,2.0,0.6728232189973614,1.121372031662269,1,3.0,2,109,1,5.0,2.0
1,0.8771929824561403,3.508771929824561,2.631578947368421,2.0,0.8506224066390041,3.4024896265560165,1,2.5,1,109,0,10.0,7.5
1,0.6976744186046512,1.3953488372093024,0.6976744186046512,2.0,0.6714659685863874,1.3429319371727748,1,3.0,2,109,1,6.0,3.0
1,0.8771929824561403,1.7543859649122806,0.8771929824561403,2.0,0.8434959349593496,1.6869918699186992,1,2.5,1,109,0,5.0,2.5
0,0.8771929824561403,0.3508771929824561,-0.5263157894736842,2.0,0.8502024291497975,0.340080971659919,1,2.5,2,109,0,1.0,-1.5
0,0.8771929824561403,0.0,-0.8771929824561403,2.0,0.8603238866396762,0.0,0,2.5,1,109,0,0.0,-2.5
0,0.8771929824561403,0.0,-0.8771929824561403,2.0,0.8704453441295545,0.0,0,2.5,2,109,0,0.0,-2.5
1,0.6976744186046512,1.627906976744186,0.9302325581395349,2.0,0.669260700389105,1.5616083009079116,0,3.0,2,109,1,7.0,4.0
1,0.6976744186046512,1.3953488372093024,0.6976744186046512,2.0,0.667953667953668,1.335907335907336,1,3.0,1,109,1,6.0,3.0
1,0.6976744186046512,0.6976744186046512,0.0,2.0,0.6692307692307693,0.6692307692307693,1,3.0,1,109,1,3.0,0.0
1,0.6976744186046512,1.1627906976744187,0.46511627906976744,2.0,0.6687898089171974,1.1146496815286624,100,3.0,2,109,1,5.0,2.0
1,0.8771929824561403,1.4035087719298245,0.5263157894736842,2.0,0.873015873015873,1.3968253968253967,1,2.5,1,109,0,4.0,1.5
1,0.6976744186046512,2.3255813953488373,1.627906976744186,2.0,0.6641509433962265,2.213836477987422,1,3.0,2,109,1,10.0,7.0
0,0.8771929824561403,0.7017543859649122,-0.17543859649122806,2.0,0.8759842519685039,0.7007874015748032,100,2.5,2,109,0,2.0,-0.5
1,0.8771929824561403,1.0526315789473684,0.17543859649122806,2.0,0.8754863813229572,1.0505836575875487,0,2.5,1,109,0,3.0,0.5
0,0.6976744186046512,0.23255813953488372,-0.46511627906976744,2.0,0.6724782067247821,0.224159402241594,100,3.0,2,109,1,1.0,-2.0
0,0.6976744186046512,0.23255813953488372,-0.46511627906976744,2.0,0.6753731343283582,0.22512437810945274,0,3.0,2,109,1,1.0,-2.0
1,0.6976744186046512,1.1627906976744187,0.46511627906976744,2.0,0.6749072929542645,1.1248454882571075,0,3.0,2,109,1,5.0,2.0
1,0.8771929824561403,0.3508771929824561,-0.5263157894736842,2.0,0.888030888030888,0.3552123552123552,100,2.5,1,109,0,1.0,-1.5
0,0.6976744186046512,1.1627906976744187,0.46511627906976744,2.0,0.6744471744471744,1.124078624078624,100,3.0,2,109,1,5.0,2.0
1,0.6976744186046512,0.6976744186046512,0.0,2.0,0.6798561151079137,0.6798561151079137,100,3.0,1,109,1,3.0,0.0
1,0.6976744186046512,0.6976744186046512,0.0,2.0,0.6810035842293907,0.6810035842293907,1,3.0,1,109,1,3.0,0.0
1,0.6976744186046512,0.6976744186046512,0.0,2.0,0.6821428571428572,0.6821428571428572,1,3.0,2,109,1,3.0,0.0
1,0.6976744186046512,1.1627906976744187,0.46511627906976744,2.0,0.6816568047337278,1.136094674556213,1,3.0,1,109,1,5.0,2.0
1,0.8771929824561403,1.7543859649122806,0.8771929824561403,2.0,0.8731617647058824,1.7463235294117647,1,2.5,1,109,0,5.0,2.5
0,0.8771929824561403,1.0526315789473684,0.17543859649122806,2.0,0.8727272727272727,1.0472727272727271,1,2.5,1,109,0,3.0,0.5
1,0.6976744186046512,0.46511627906976744,-0.23255813953488372,2.0,0.6835891381345928,0.4557260920897285,0,3.0,1,109,1,2.0,-1.0
0,0.6976744186046512,0.6976744186046512,0.0,2.0,0.6847058823529412,0.6847058823529412,1,3.0,1,109,1,3.0,0.0
0,0.8771929824561403,0.7017543859649122,-0.17543859649122806,2.0,0.8754512635379061,0.7003610108303249,0,2.5,2,109,0,2.0,-0.5
0,0.8771929824561403,0.3508771929824561,-0.5263157894736842,2.0,0.881294964028777,0.3525179856115108,0,2.5,2,109,0,1.0,-1.5
0,0.6976744186046512,0.0,-0.6976744186046512,2.0,0.6882352941176472,0.0,0,3.0,2,109,1,0.0,-3.0
1,0.6976744186046512,2.3255813953488373,1.627906976744186,2.0,0.6837209302325582,2.2790697674418605,0,3.0,2,109,1,10.0,7.0
1,0.6976744186046512,0.6976744186046512,0.0,2.0,0.6848203939745076,0.6848203939745076,1,3.0,2,109,1,3.0,0.0
1,0.6976744186046512,0.6976744186046512,0.0,2.0,0.6859122401847575,0.6859122401847575,1,3.0,2,109,1,3.0,0.0
1,0.8771929824561403,0.7017543859649122,-0.17543859649122806,2.0,0.8839285714285714,0.7071428571428572,1,2.5,2,109,0,2.0,-0.5
0,0.6976744186046512,0.23255813953488372,-0.46511627906976744,2.0,0.6885813148788927,0.2295271049596309,1,3.0,2,109,1,1.0,-2.0
1,0.6976744186046512,0.6976744186046512,0.0,2.0,0.6896551724137931,0.6896551724137931,0,3.0,1,109,1,3.0,0.0
1,0.6976744186046512,0.6976744186046512,0.0,2.0,0.6928327645051194,0.6928327645051194,100,3.0,2,109,1,3.0,0.0
1,0.6976744186046512,1.3953488372093024,0.6976744186046512,2.0,0.6915254237288136,1.3830508474576273,1,3.0,2,109,1,6.0,3.0
1,0.8771929824561403,1.7543859649122806,0.8771929824561403,2.0,0.8771929824561403,1.7543859649122806,1,2.5,1,109,0,5.0,2.5
1,0.6976744186046512,0.46511627906976744,-0.23255813953488372,2.0,0.6933483652762119,0.4622322435174746,1,3.0,2,109,1,2.0,-1.0
0,0.6976744186046512,0.6976744186046512,0.0,2.0,0.69438202247191,0.69438202247191,1,3.0,1,109,1,3.0,0.0
1,0.6976744186046512,1.1627906976744187,0.46511627906976744,2.0,0.6956521739130435,1.1594202898550725,100,3.0,2,109,1,5.0,2.0
0,0.6976744186046512,0.23255813953488372,-0.46511627906976744,2.0,0.698218262806236,0.232739420935412,1,3.0,2,109,1,1.0,-2.0
0,0.6976744186046512,1.1627906976744187,0.46511627906976744,2.0,0.6976744186046512,1.1627906976744187,0,3.0,2,109,1,5.0,2.0
1,0.9618320610687023,0.32061068702290074,-0.6412213740458015,3.0,3.0,1.0,100,3.0,2,109,1,1.0,-2.0
1,0.9803921568627452,1.9607843137254903,0.9803921568627452,3.0,0.5,1.0,1,2.5,2,109,0,5.0,2.5
1,0.9618320610687023,0.32061068702290074,-0.6412213740458015,3.0,3.0,1.0,1,3.0,2,109,1,1.0,-2.0
1,0.9618320610687023,0.9618320610687023,0.0,3.0,1.7999999999999998,1.7999999999999998,1,3.0,2,109,1,3.0,0.0
1,0.9803921568627452,1.9607843137254903,0.9803921568627452,3.0,0.5,1.0,1,2.5,2,109,0,5.0,2.5
1,0.9803921568627452,0.7843137254901962,-0.19607843137254904,3.0,0.625,0.5,1,2.5,1,109,0,2.0,-0.5
1,0.9803921568627452,0.7843137254901962,-0.19607843137254904,3.0,0.7142857142857143,0.5714285714285714,1,2.5,1,109,0,2.0,-0.5
0,0.9803921568627452,0.0,-0.9803921568627452,3.0,0.8928571428571429,0.0,1,2.5,1,109,0,0.0,-2.5
0,0.9803921568627452,0.0,-0.9803921568627452,3.0,1.0714285714285714,0.0,0,2.5,2,109,0,0.0,-2.5
1,0.9618320610687023,0.9618320610687023,0.0,3.0,1.5,1.5,0,3.0,1,109,1,3.0,0.0
1,0.9618320610687023,1.282442748091603,0.32061068702290074,3.0,1.25,1.6666666666666667,1,3.0,2,109,1,4.0,1.0
0,0.9618320610687023,0.0,-0.9618320610687023,3.0,1.5,0.0,1,3.0,1,109,1,0.0,-3.0
1,0.9803921568627452,1.1764705882352942,0.19607843137254904,3.0,1.0294117647058825,1.2352941176470589,0,2.5,2,109,0,3.0,0.5
1,0.9803921568627452,1.1764705882352942,0.19607843137254904,3.0,1.0,1.2,1,2.5,1,109,0,3.0,0.5
1,0.9803921568627452,1.9607843137254903,0.9803921568627452,3.0,0.9,1.8,1,2.5,1,109,0,5.0,2.5
1,0.9618320610687023,0.6412213740458015,-0.32061068702290074,3.0,1.5,1.0,1,3.0,1,109,1,2.0,-1.0
0,0.9803921568627452,0.0,-0.9803921568627452,3.0,1.0,0.0,1,2.5,2,109,0,0.0,-2.5
0,0.9618320610687023,0.0,-0.9618320610687023,3.0,1.7142857142857142,0.0,0,3.0,1,109,1,0.0,-3.0
1,0.9618320610687023,0.6412213740458015,-0.32061068702290074,3.0,1.6875,1.125,0,3.0,1,109,1,2.0,-1.0
0,0.9618320610687023,0.0,-0.9618320610687023,3.0,1.875,0.0,1,3.0,2,109,1,0.0,-3.0
1,0.9803921568627452,1.5686274509803924,0.5882352941176471,3.0,0.9482758620689655,1.517241379310345,0,2.5,2,109,0,4.0,1.5
1,0.9618320610687023,0.9618320610687023,0.0,3.0,1.736842105263158,1.736842105263158,1,3.0,2,109,1,3.0,0.0
1,0.9618320610687023,0.9618320610687023,0.0,3.0,1.6363636363636365,1.6363636363636365,1,3.0,2,109,1,3.0,0.0
0,0.9803921568627452,0.3921568627450981,-0.5882352941176471,3.0,1.0,0.4,1,2.5,1,109,0,1.0,-1.5
1,0.9803921568627452,0.7843137254901962,-0.19607843137254904,3.0,1.015625,0.8125,0,2.5,2,109,0,2.0,-0.5
1,0.9803921568627452,1.9607843137254903,0.9803921568627452,3.0,0.9459459459459459,1.8918918918918919,1,2.5,2,109,0,5.0,2.5
1,0.9618320610687023,0.9618320610687023,0.0,3.0,1.56,1.56,1,3.0,1,109,1,3.0,0.0
1,0.9618320610687023,1.282442748091603,0.32061068702290074,3.0,1.4482758620689653,1.9310344827586206,1,3.0,2,109,1,4.0,1.0
1,0.9618320610687023,0.6412213740458015,-0.32061068702290074,3.0,1.4516129032258063,0.9677419354838709,1,3.0,1,109,1,2.0,-1.0
1,0.9618320610687023,0.9618320610687023,0.0,3.0,1.411764705882353,1.411764705882353,1,3.0,1,109,1,3.0,0.0
1,0.9803921568627452,1.9607843137254903,0.9803921568627452,3.0,0.8928571428571429,1.7857142857142858,1,2.5,2,109,0,5.0,2.5
1,0.9618320610687023,0.9618320610687023,0.0,3.0,1.3783783783783785,1.3783783783783785,1,3.0,2,109,1,3.0,0.0
0,0.9618320610687023,0.32061068702290074,-0.6412213740458015,3.0,1.4210526315789473,0.47368421052631576,1,3.0,2,109,1,1.0,-2.0
1,0.9618320610687023,0.9618320610687023,0.0,3.0,1.3902439024390243,1.3902439024390243,0,3.0,1,109,1,3.0,0.0
1,0.9618320610687023,1.6030534351145038,0.6412213740458015,3.0,1.3043478260869565,2.173913043478261,1,3.0,2,109,1,5.0,2.0
1,0.9618320610687023,1.6030534351145038,0.6412213740458015,3.0,1.2352941176470589,2.058823529411765,100,3.0,1,109,1,5.0,2.0
0,0.9618320610687023,0.32061068702290074,-0.6412213740458015,3.0,1.2692307692307692,0.4230769230769231,1,3.0,1,109,1,1.0,-2.0
0,0.9803921568627452,0.0,-0.9803921568627452,3.0,0.9883720930232559,0.0,100,2.5,2,109,0,0.0,-2.5
1,0.9618320610687023,1.6030534351145038,0.6412213740458015,3.0,1.2,2.0,0,3.0,1,109,1,5.0,2.0
1,0.9618320610687023,0.9618320610687023,0.0,3.0,1.1904761904761905,1.1904761904761905,1,3.0,2,109,1,3.0,0.0
1,0.9803921568627452,0.0,-0.9803921568627452,3.0,1.0465116279069768,0.0,1,2.5,1,109,0,0.0,-2.5
1,0.9803921568627452,1.1764705882352942,0.19607843137254904,3.0,1.0326086956521738,1.2391304347826086,100,2.5,1,109,0,3.0,0.5
1,0.9618320610687023,0.9618320610687023,0.0,3.0,1.173913043478261,1.173913043478261,1,3.0,2,109,1,3.0,0.0
1,0.9618320610687023,1.9236641221374047,0.9618320610687023,3.0,1.12,2.24,1,3.0,2,109,1,6.0,3.0
1,0.9618320610687023,0.6412213740458015,-0.32061068702290074,3.0,1.1298701298701297,0.7532467532467532,1,3.0,2,109,1,2.0,-1.0
1,0.9803921568627452,1.9607843137254903,0.9803921568627452,3.0,0.9803921568627452,1.9607843137254903,1,2.5,1,109,0,5.0,2.5
1,0.9618320610687023,0.9618320610687023,0.0,3.0,1.125,1.125,1,3.0,1,109,1,3.0,0.0
1,0.9618320610687023,0.6412213740458015,-0.32061068702290074,3.0,1.1341463414634148,0.7560975609756098,1,3.0,1,109,1,2.0,-1.0
1,0.9618320610687023,0.32061068702290074,-0.6412213740458015,3.0,1.1566265060240963,0.3855421686746988,1,3.0,2,109,1,1.0,-2.0
1,0.9618320610687023,0.6412213740458015,-0.32061068702290074,3.0,1.1647058823529413,0.7764705882352941,1,3.0,1,109,1,2.0,-1.0
1,0.9618320610687023,0.9618320610687023,0.0,3.0,1.159090909090909,1.159090909090909,1,3.0,2,109,1,3.0,0.0
1,0.9618320610687023,0.6412213740458015,-0.32061068702290074,3.0,1.173913043478261,0.782608695652174,100,3.0,2,109,1,2.0,-1.0
0,0.9618320610687023,0.6412213740458015,-0.32061068702290074,3.0,1.1808510638297873,0.7872340425531915,1,3.0,1,109,1,2.0,-1.0
0,0.9618320610687023,0.32061068702290074,-0.6412213740458015,3.0,1.2,0.4,100,3.0,2,109,1,1.0,-2.0
1,0.9618320610687023,0.6412213740458015,-0.32061068702290074,3.0,1.1886792452830188,0.7924528301886793,100,3.0,2,109,1,2.0,-1.0
1,0.9618320610687023,1.282442748091603,0.32061068702290074,3.0,1.1727272727272726,1.5636363636363635,100,3.0,1,109,1,4.0,1.0
0,0.9618320610687023,0.32061068702290074,-0.6412213740458015,3.0,1.189189189189189,0.39639639639639634,1,3.0,2,109,1,1.0,-2.0
1,0.9803921568627452,0.3921568627450981,-0.5882352941176471,3.0,1.0096153846153846,0.40384615384615385,0,2.5,2,109,0,1.0,-1.5
1,0.9618320610687023,1.6030534351145038,0.6412213740458015,3.0,1.1637931034482758,1.939655172413793,1,3.0,1,109,1,5.0,2.0
1,0.9618320610687023,1.9236641221374047,0.9618320610687023,3.0,1.1311475409836067,2.2622950819672134,1,3.0,2,109,1,6.0,3.0
1,0.9618320610687023,1.6030534351145038,0.6412213740458015,3.0,1.110236220472441,1.8503937007874016,1,3.0,2,109,1,5.0,2.0
1,0.9803921568627452,1.9607843137254903,0.9803921568627452,3.0,0.9649122807017544,1.9298245614035088,1,2.5,1,109,0,5.0,2.5
1,0.9618320610687023,1.9236641221374047,0.9618320610687023,3.0,1.0827067669172932,2.1654135338345863,1,3.0,1,109,1,6.0,3.0
0,0.9618320610687023,0.32061068702290074,-0.6412213740458015,3.0,1.0970149253731343,0.3656716417910448,1,3.0,1,109,1,1.0,-2.0
1,0.9803921568627452,1.5686274509803924,0.5882352941176471,3.0,0.9426229508196722,1.5081967213114755,100,2.5,2,109,0,4.0,1.5
1,0.9803921568627452,1.9607843137254903,0.9803921568627452,3.0,0.9090909090909091,1.8181818181818181,1,2.5,2,109,0,5.0,2.5
1,0.9803921568627452,0.7843137254901962,-0.19607843137254904,3.0,0.9191176470588235,0.7352941176470588,1,2.5,2,109,0,2.0,-0.5
1,0.9618320610687023,0.9618320610687023,0.0,3.0,1.0928571428571427,1.0928571428571427,1,3.0,2,109,1,3.0,0.0
1,0.9803921568627452,0.7843137254901962,-0.19607843137254904,3.0,0.9285714285714285,0.7428571428571428,100,2.5,1,109,0,2.0,-0.5
1,0.9618320610687023,0.6412213740458015,-0.32061068702290074,3.0,1.096551724137931,0.7310344827586207,1,3.0,2,109,1,2.0,-1.0
1,0.9618320610687023,1.6030534351145038,0.6412213740458015,3.0,1.08,1.8,1,3.0,2,109,1,5.0,2.0
1,0.9803921568627452,1.1764705882352942,0.19607843137254904,3.0,0.9246575342465754,1.1095890410958904,1,2.5,1,109,0,3.0,0.5
1,0.9618320610687023,0.9618320610687023,0.0,3.0,1.0784313725490196,1.0784313725490196,1,3.0,2,109,1,3.0,0.0
1,0.9618320610687023,1.9236641221374047,0.9618320610687023,3.0,1.0555555555555556,2.111111111111111,100,3.0,2,109,1,6.0,3.0
1,0.9618320610687023,1.9236641221374047,0.9618320610687023,3.0,1.0357142857142858,2.0714285714285716,1,3.0,2,109,1,6.0,3.0
0,0.9618320610687023,0.32061068702290074,-0.6412213740458015,3.0,1.0344827586206897,0.3448275862068966,100,3.0,1,109,1,1.0,-2.0
1,0.9803921568627452,1.9607843137254903,0.9803921568627452,3.0,0.8974358974358975,1.794871794871795,0,2.5,1,109,0,5.0,2.5
1,0.9618320610687023,0.9618320610687023,0.0,3.0,1.033898305084746,1.033898305084746,1,3.0,1,109,1,3.0,0.0
1,0.9618320610687023,0.9618320610687023,0.0,3.0,1.0333333333333332,1.0333333333333332,1,3.0,1,109,1,3.0,0.0
0,0.9803921568627452,1.1764705882352942,0.19607843137254904,3.0,0.8950617283950617,1.074074074074074,1,2.5,2,109,0,3.0,0.5
0,0.9618320610687023,0.0,-0.9618320610687023,3.0,1.05,0.0,0,3.0,1,109,1,0.0,-3.0
1,0.9618320610687023,0.6412213740458015,-0.32061068702290074,3.0,1.054945054945055,0.7032967032967034,0,3.0,1,109,1,2.0,-1.0
1,0.9618320610687023,1.6030534351145038,0.6412213740458015,3.0,1.0427807486631016,1.7379679144385027,1,3.0,1,109,1,5.0,2.0
1,0.9618320610687023,0.32061068702290074,-0.6412213740458015,3.0,1.053191489361702,0.35106382978723405,1,3.0,1,109,1,1.0,-2.0
1,0.9803921568627452,1.1764705882352942,0.19607843137254904,3.0,0.8928571428571429,1.0714285714285714,1,2.5,1,109,0,3.0,0.5
1,0.9803921568627452,0.7843137254901962,-0.19607843137254904,3.0,0.9011627906976744,0.7209302325581395,1,2.5,1,109,0,2.0,-0.5
1,0.9618320610687023,0.6412213740458015,-0.32061068702290074,3.0,1.0461538461538462,0.6974358974358974,100,3.0,1,109,1,2.0,-1.0
1,0.9803921568627452,1.9607843137254903,0.9803921568627452,3.0,0.9065934065934065,1.813186813186813,1,2.5,2,109,0,5.0,2.5
1,0.9803921568627452,0.3921568627450981,-0.5882352941176471,3.0,0.9239130434782609,0.3695652173913043,1,2.5,2,109,0,1.0,-1.5
1,0.9618320610687023,1.6030534351145038,0.6412213740458015,3.0,1.035,1.725,1,3.0,1,109,1,5.0,2.0
1,0.9618320610687023,1.6030534351145038,0.6412213740458015,3.0,1.024390243902439,1.707317073170732,1,3.0,1,109,1,5.0,2.0
1,0.9618320610687023,1.282442748091603,0.32061068702290074,3.0,1.0191387559808611,1.3588516746411483,1,3.0,1,109,1,4.0,1.0
0,0.9618320610687023,0.6412213740458015,-0.32061068702290074,3.0,1.0092165898617511,0.6728110599078341,100,3.0,2,109,1,2.0,-1.0
0,0.9803921568627452,0.0,-0.9803921568627452,3.0,0.9510869565217391,0.0,0,2.5,1,109,0,0.0,-2.5
1,0.9618320610687023,1.282442748091603,0.32061068702290074,3.0,1.004524886877828,1.3393665158371042,0,3.0,2,109,1,4.0,1.0
1,0.9803921568627452,1.9607843137254903,0.9803921568627452,3.0,0.9278350515463917,1.8556701030927834,1,2.5,2,109,0,5.0,2.5
1,0.9618320610687023,3.2061068702290076,2.2442748091603053,3.0,0.974025974025974,3.2467532467532467,1,3.0,1,109,1,10.0,7.0
1,0.9618320610687023,0.9618320610687023,0.0,3.0,0.9743589743589743,0.9743589743589743,100,3.0,1,109,1,3.0,0.0
1,0.9618320610687023,0.9618320610687023,0.0,3.0,0.9746835443037976,0.9746835443037976,1,3.0,1,109,1,3.0,0.0
1,0.9618320610687023,1.9236641221374047,0.9618320610687023,3.0,0.9713114754098361,1.9426229508196722,100,3.0,2,109,1,6.0,3.0
0,0.9803921568627452,0.0,-0.9803921568627452,3.0,0.979381443298969,0.0,1,2.5,1,109,0,0.0,-2.5
1,0.9803921568627452,1.9607843137254903,0.9803921568627452,3.0,0.9558823529411764,1.9117647058823528,0,2.5,1,109,0,5.0,2.5
1,0.9618320610687023,1.282442748091603,0.32061068702290074,3.0,0.9609375,1.28125,100,3.0,2,109,1,4.0,1.0
0,0.9618320610687023,1.282442748091603,0.32061068702290074,3.0,0.9576923076923077,1.276923076923077,1,3.0,2,109,1,4.0,1.0
1,0.9618320610687023,0.6412213740458015,-0.32061068702290074,3.0,0.9618320610687023,0.6412213740458015,0,3.0,1,109,1,2.0,-1.0
1,0.9803921568627452,0.7843137254901962,-0.19607843137254904,3.0,0.985576923076923,0.7884615384615384,100,2.5,2,109,0,2.0,-0.5
1,0.9618320610687023,1.282442748091603,0.32061068702290074,3.0,0.9586466165413534,1.2781954887218046,1,3.0,2,109,1,4.0,1.0
0,0.9803921568627452,1.9607843137254903,0.9803921568627452,3.0,0.963302752293578,1.926605504587156,1,2.5,2,109,0,5.0,2.5
1,0.9803921568627452,1.9607843137254903,0.9803921568627452,3.0,0.9429824561403509,1.8859649122807018,0,2.5,2,109,0,5.0,2.5
0,0.9803921568627452,0.0,-0.9803921568627452,3.0,0.9649122807017544,0.0,1,2.5,2,109,0,0.0,-2.5
1,0.9803921568627452,1.9607843137254903,0.9803921568627452,3.0,0.9453781512605042,1.8907563025210083,0,2.5,1,109,0,5.0,2.5
1,0.9618320610687023,1.282442748091603,0.32061068702290074,3.0,0.9555555555555556,1.2740740740740741,1,3.0,1,109,1,4.0,1.0
0,0.9803921568627452,0.0,-0.9803921568627452,3.0,0.9663865546218487,0.0,100,2.5,1,109,0,0.0,-2.5
0,0.9803921568627452,0.0,-0.9803921568627452,3.0,0.9873949579831933,0.0,0,2.5,1,109,0,0.0,-2.5
1,0.9618320610687023,0.6412213740458015,-0.32061068702290074,3.0,0.96,0.64,0,3.0,1,109,1,2.0,-1.0
1,0.9618320610687023,0.9618320610687023,0.0,3.0,0.9677419354838709,0.9677419354838709,100,3.0,2,109,1,3.0,0.0
0,0.9803921568627452,1.1764705882352942,0.19607843137254904,3.0,0.9879032258064515,1.1854838709677418,1,2.5,1,109,0,3.0,0.5
1,0.9618320610687023,1.6030534351145038,0.6412213740458015,3.0,0.9612676056338028,1.602112676056338,0,3.0,1,109,1,5.0,2.0
1,0.9803921568627452,0.3921568627450981,-0.5882352941176471,3.0,1.0,0.4,1,2.5,2,109,0,1.0,-1.5
1,0.9618320610687023,1.282442748091603,0.32061068702290074,3.0,0.9620689655172414,1.2827586206896553,100,3.0,2,109,1,4.0,1.0
1,0.9803921568627452,1.9607843137254903,0.9803921568627452,3.0,0.9807692307692308,1.9615384615384617,1,2.5,2,109,0,5.0,2.5
1,0.9803921568627452,1.1764705882352942,0.19607843137254904,3.0,0.9671532846715328,1.1605839416058394,100,2.5,1,109,0,3.0,0.5
1,0.9618320610687023,0.9618320610687023,0.0,3.0,0.962457337883959,0.962457337883959,1,3.0,1,109,1,3.0,0.0
1,0.9618320610687023,0.32061068702290074,-0.6412213740458015,3.0,0.9693877551020409,0.3231292517006803,1,3.0,2,109,1,1.0,-2.0
1,0.9803921568627452,1.1764705882352942,0.19607843137254904,3.0,0.9642857142857143,1.1571428571428573,100,2.5,1,109,0,3.0,0.5
1,0.9803921568627452,1.9607843137254903,0.9803921568627452,3.0,0.9482758620689655,1.896551724137931,1,2.5,1,109,0,5.0,2.5
1,0.9618320610687023,0.6412213740458015,-0.32061068702290074,3.0,0.9732441471571905,0.6488294314381271,1,3.0,1,109,1,2.0,-1.0
0,0.9618320610687023,0.0,-0.9618320610687023,3.0,0.9769736842105263,0.0,100,3.0,1,109,1,0.0,-3.0
1,0.9618320610687023,0.9618320610687023,0.0,3.0,0.9837662337662337,0.9837662337662337,100,3.0,2,109,1,3.0,0.0
0,0.9618320610687023,0.6412213740458015,-0.32061068702290074,3.0,0.9870967741935485,0.6580645161290323,1,3.0,1,109,1,2.0,-1.0
1,0.9803921568627452,1.9607843137254903,0.9803921568627452,3.0,0.9333333333333333,1.8666666666666667,0,2.5,2,109,0,5.0,2.5
1,0.9618320610687023,0.9618320610687023,0.0,3.0,0.9872204472843451,0.9872204472843451,1,3.0,1,109,1,3.0,0.0
1,0.9618320610687023,1.6030534351145038,0.6412213740458015,3.0,0.9811320754716982,1.6352201257861636,1,3.0,1,109,1,5.0,2.0
1,0.9803921568627452,0.3921568627450981,-0.5882352941176471,3.0,0.9437086092715232,0.3774834437086093,1,2.5,2,109,0,1.0,-1.5
0,0.9803921568627452,0.0,-0.9803921568627452,3.0,0.9602649006622517,0.0,1,2.5,2,109,0,0.0,-2.5
1,0.9618320610687023,0.6412213740458015,-0.32061068702290074,3.0,0.9756838905775076,0.6504559270516718,100,3.0,1,109,1,2.0,-1.0
1,0.9618320610687023,0.6412213740458015,-0.32061068702290074,3.0,0.9788519637462235,0.6525679758308157,1,3.0,2,109,1,2.0,-1.0
1,0.9618320610687023,0.32061068702290074,-0.6412213740458015,3.0,0.9849397590361446,0.3283132530120482,1,3.0,2,109,1,1.0,-2.0
0,0.9618320610687023,0.6412213740458015,-0.32061068702290074,3.0,0.9880239520958084,0.658682634730539,1,3.0,2,109,1,2.0,-1.0
0,0.9618320610687023,0.32061068702290074,-0.6412213740458015,3.0,0.9940298507462687,0.3313432835820896,0,3.0,2,109,1,1.0,-2.0
0,0.9618320610687023,0.6412213740458015,-0.32061068702290074,3.0,0.988338192419825,0.6588921282798834,100,3.0,1,109,1,2.0,-1.0
1,0.9618320610687023,0.9618320610687023,0.0,3.0,0.9884393063583815,0.9884393063583815,0,3.0,1,109,1,3.0,0.0
1,0.9618320610687023,0.9618320610687023,0.0,3.0,0.9886363636363636,0.9886363636363636,100,3.0,1,109,1,3.0,0.0
0,0.9618320610687023,0.0,-0.9618320610687023,3.0,0.9971590909090909,0.0,1,3.0,1,109,1,0.0,-3.0
1,0.9618320610687023,0.32061068702290074,-0.6412213740458015,3.0,1.0028328611898016,0.3342776203966006,0,3.0,2,109,1,1.0,-2.0
1,0.9618320610687023,1.9236641221374047,0.9618320610687023,3.0,0.9944289693593314,1.988857938718663,1,3.0,2,109,1,6.0,3.0
1,0.9618320610687023,1.6030534351145038,0.6412213740458015,3.0,0.989010989010989,1.6483516483516485,1,3.0,2,109,1,5.0,2.0
1,0.9618320610687023,0.9618320610687023,0.0,3.0,0.9891008174386922,0.9891008174386922,1,3.0,1,109,1,3.0,0.0
1,0.9618320610687023,0.9618320610687023,0.0,3.0,0.9891891891891892,0.9891891891891892,1,3.0,1,109,1,3.0,0.0
0,0.9803921568627452,0.0,-0.9803921568627452,3.0,0.9768211920529802,0.0,1,2.5,1,109,0,0.0,-2.5
1,0.9618320610687023,0.32061068702290074,-0.6412213740458015,3.0,0.9946091644204852,0.33153638814016173,0,3.0,2,109,1,1.0,-2.0
0,0.9618320610687023,0.6412213740458015,-0.32061068702290074,3.0,0.9973190348525468,0.6648793565683646,1,3.0,1,109,1,2.0,-1.0
0,0.9803921568627452,0.7843137254901962,-0.19607843137254904,3.0,0.9803921568627452,0.7843137254901962,0,2.5,2,109,0,2.0,-0.5
1,0.9618320610687023,1.282442748091603,0.32061068702290074,3.0,0.9946949602122016,1.3262599469496021,0,3.0,2,109,1,4.0,1.0
1,0.9618320610687023,1.6030534351145038,0.6412213740458015,3.0,0.9895287958115183,1.649214659685864,1,3.0,1,109,1,5.0,2.0
0,0.9618320610687023,0.32061068702290074,-0.6412213740458015,3.0,0.9947780678851175,0.33159268929503916,100,3.0,1,109,1,1.0,-2.0
1,0.9803921568627452,0.7843137254901962,-0.19607843137254904,3.0,0.9838709677419355,0.7870967741935484,0,2.5,2,109,0,2.0,-0.5
0,0.9618320610687023,0.0,-0.9618320610687023,3.0,1.0026109660574412,0.0,1,3.0,1,109,1,0.0,-3.0
1,0.9618320610687023,0.9618320610687023,0.0,3.0,1.0025906735751295,1.0025906735751295,0,3.0,2,109,1,3.0,0.0
1,0.9803921568627452,1.9607843137254903,0.9803921568627452,3.0,0.96875,1.9375,1,2.5,2,109,0,5.0,2.5
1,0.9618320610687023,0.9618320610687023,0.0,3.0,1.0025706940874035,1.0025706940874035,1,3.0,1,109,1,3.0,0.0
1,0.9803921568627452,1.9607843137254903,0.9803921568627452,3.0,0.9545454545454546,1.9090909090909092,1,2.5,1,109,0,5.0,2.5
1,0.9803921568627452,1.9607843137254903,0.9803921568627452,3.0,0.9411764705882353,1.8823529411764706,1,2.5,1,109,0,5.0,2.5
1,0.9618320610687023,1.6030534351145038,0.6412213740458015,3.0,0.9974619289340102,1.6624365482233503,1,3.0,2,109,1,5.0,2.0
0,0.9618320610687023,0.9618320610687023,0.0,3.0,0.9974811083123425,0.9974811083123425,1,3.0,2,109,1,3.0,0.0
1,0.9618320610687023,0.9618320610687023,0.0,3.0,0.9975186104218362,0.9975186104218362,100,3.0,2,109,1,3.0,0.0
1,0.9618320610687023,1.6030534351145038,0.6412213740458015,3.0,0.9926470588235294,1.6544117647058825,1,3.0,2,109,1,5.0,2.0
1,0.9618320610687023,0.9618320610687023,0.0,3.0,0.9927007299270073,0.9927007299270073,1,3.0,1,109,1,3.0,0.0
1,0.9618320610687023,1.9236641221374047,0.9618320610687023,3.0,0.9856115107913669,1.9712230215827338,1,3.0,2,109,1,6.0,3.0
0,0.9618320610687023,0.32061068702290074,-0.6412213740458015,3.0,0.9904306220095693,0.33014354066985646,1,3.0,1,109,1,1.0,-2.0
0,0.9618320610687023,0.6412213740458015,-0.32061068702290074,3.0,0.9928571428571429,0.6619047619047619,0,3.0,2,109,1,2.0,-1.0
1,0.9618320610687023,1.6030534351145038,0.6412213740458015,3.0,0.9882352941176471,1.647058823529412,0,3.0,1,109,1,5.0,2.0
0,0.9803921568627452,0.0,-0.9803921568627452,3.0,0.9558823529411764,0.0,1,2.5,1,109,0,0.0,-2.5
0,0.9803921568627452,0.7843137254901962,-0.19607843137254904,3.0,0.9593023255813954,0.7674418604651163,0,2.5,1,109,0,2.0,-0.5
0,0.9618320610687023,0.6412213740458015,-0.32061068702290074,3.0,0.990632318501171,0.6604215456674473,0,3.0,1,109,1,2.0,-1.0
0,0.9618320610687023,0.9618320610687023,0.0,3.0,0.9906976744186047,0.9906976744186047,0,3.0,2,109,1,3.0,0.0
0,0.9618320610687023,0.32061068702290074,-0.6412213740458015,3.0,0.9953596287703016,0.33178654292343385,0,3.0,1,109,1,1.0,-2.0
0,0.9803921568627452,0.0,-0.9803921568627452,3.0,0.9738372093023256,0.0,0,2.5,2,109,0,0.0,-2.5
1,0.9618320610687023,1.6030534351145038,0.6412213740458015,3.0,0.9908256880733946,1.651376146788991,0,3.0,1,109,1,5.0,2.0
0,0.9618320610687023,0.32061068702290074,-0.6412213740458015,3.0,0.9954233409610984,0.3318077803203661,1,3.0,1,109,1,1.0,-2.0
1,0.9618320610687023,0.9618320610687023,0.0,3.0,0.9954545454545455,0.9954545454545455,0,3.0,1,109,1,3.0,0.0
1,0.9618320610687023,1.9236641221374047,0.9618320610687023,3.0,0.9887892376681615,1.977578475336323,1,3.0,2,109,1,6.0,3.0
0,0.9618320610687023,0.9618320610687023,0.0,3.0,0.9888641425389755,0.9888641425389755,1,3.0,1,109,1,3.0,0.0
0,0.9803921568627452,1.1764705882352942,0.19607843137254904,3.0,0.9714285714285713,1.1657142857142857,0,2.5,1,109,0,3.0,0.5
0,0.9618320610687023,0.32061068702290074,-0.6412213740458015,3.0,0.9933333333333334,0.33111111111111113,0,3.0,1,109,1,1.0,-2.0
1,0.9618320610687023,1.6030534351145038,0.6412213740458015,3.0,0.989010989010989,1.6483516483516485,0,3.0,2,109,1,5.0,2.0
1,0.9803921568627452,1.9607843137254903,0.9803921568627452,3.0,0.9583333333333334,1.9166666666666667,100,2.5,2,109,0,5.0,2.5
1,0.9618320610687023,2.2442748091603053,1.282442748091603,3.0,0.9827586206896551,2.293103448275862,1,3.0,1,109,1,7.0,4.0
0,0.9618320610687023,0.6412213740458015,-0.32061068702290074,3.0,0.9849785407725322,0.6566523605150215,1,3.0,2,109,1,2.0,-1.0
1,0.9618320610687023,0.9618320610687023,0.0,3.0,0.9850746268656717,0.9850746268656717,0,3.0,1,109,1,3.0,0.0
1,0.9803921568627452,0.0,-0.9803921568627452,3.0,0.9722222222222221,0.0,1,2.5,2,109,0,0.0,-2.5
1,0.9618320610687023,0.6412213740458015,-0.32061068702290074,3.0,0.9872611464968153,0.6581740976645436,1,3.0,1,109,1,2.0,-1.0
1,0.9618320610687023,1.6030534351145038,0.6412213740458015,3.0,0.9831932773109244,1.6386554621848741,1,3.0,1,109,1,5.0,2.0
1,0.9618320610687023,1.282442748091603,0.32061068702290074,3.0,0.98125,1.3083333333333333,1,3.0,1,109,1,4.0,1.0
1,0.9618320610687023,0.9618320610687023,0.0,3.0,0.9813664596273293,0.9813664596273293,1,3.0,2,109,1,3.0,0.0
1,0.9618320610687023,1.6030534351145038,0.6412213740458015,3.0,0.9774590163934426,1.6290983606557377,1,3.0,2,109,1,5.0,2.0
1,0.9803921568627452,1.9607843137254903,0.9803921568627452,3.0,0.9594594594594594,1.9189189189189189,1,2.5,2,109,0,5.0,2.5
0,0.9618320610687023,0.6412213740458015,-0.32061068702290074,3.0,0.9795918367346939,0.6530612244897959,1,3.0,1,109,1,2.0,-1.0
1,0.9618320610687023,0.9618320610687023,0.0,3.0,0.9797160243407709,0.9797160243407709,0,3.0,2,109,1,3.0,0.0
1,0.9618320610687023,1.6030534351145038,0.6412213740458015,3.0,0.9759036144578314,1.6265060240963856,1,3.0,2,109,1,5.0,2.0
1,0.9618320610687023,2.2442748091603053,1.282442748091603,3.0,0.9683168316831684,2.2594059405940596,1,3.0,2,109,1,7.0,4.0
0,0.9803921568627452,0.3921568627450981,-0.5882352941176471,3.0,0.9677419354838709,0.3870967741935484,1,2.5,2,109,0,1.0,-1.5
0,0.9803921568627452,0.0,-0.9803921568627452,3.0,0.9811827956989247,0.0,0,2.5,2,109,0,0.0,-2.5
1,0.9803921568627452,1.1764705882352942,0.19607843137254904,3.0,0.9788359788359788,1.1746031746031746,0,2.5,1,109,0,3.0,0.5
1,0.9803921568627452,1.1764705882352942,0.19607843137254904,3.0,0.9765625,1.171875,1,2.5,2,109,0,3.0,0.5
0,0.9803921568627452,0.0,-0.9803921568627452,3.0,0.9895833333333334,0.0,1,2.5,1,109,0,0.0,-2.5
0,0.9803921568627452,1.5686274509803924,0.5882352941176471,3.0,0.9821428571428572,1.5714285714285714,0,2.5,1,109,0,4.0,1.5
1,0.9618320610687023,0.6412213740458015,-0.32061068702290074,3.0,0.970414201183432,0.6469428007889547,0,3.0,2,109,1,2.0,-1.0
0,0.9618320610687023,0.32061068702290074,-0.6412213740458015,3.0,0.9744094488188977,0.32480314960629925,1,3.0,1,109,1,1.0,-2.0
0,0.9618320610687023,0.6412213740458015,-0.32061068702290074,3.0,0.9764705882352941,0.6509803921568628,0,3.0,1,109,1,2.0,-1.0
1,0.9618320610687023,0.6412213740458015,-0.32061068702290074,3.0,0.9785156249999999,0.65234375,0,3.0,2,109,1,2.0,-1.0
0,0.9803921568627452,0.7843137254901962,-0.19607843137254904,3.0,0.9848484848484849,0.787878787878788,1,2.5,2,109,0,2.0,-0.5
0,0.9618320610687023,0.0,-0.9618320610687023,3.0,0.984375,0.0,0,3.0,1,109,1,0.0,-3.0
1,0.9803921568627452,1.9607843137254903,0.9803921568627452,3.0,0.9729064039408867,1.9458128078817734,0,2.5,2,109,0,5.0,2.5
0,0.9803921568627452,0.3921568627450981,-0.5882352941176471,3.0,0.9803921568627452,0.3921568627450981,1,2.5,1,109,0,1.0,-1.5
0,0.9803921568627452,0.3921568627450981,-0.5882352941176471,3.0,0.9878048780487805,0.39512195121951216,100,2.5,1,109,0,1.0,-1.5
1,0.9618320610687023,0.6412213740458015,-0.32061068702290074,3.0,0.9863813229571985,0.6575875486381323,0,3.0,1,109,1,2.0,-1.0
0,0.9803921568627452,0.7843137254901962,-0.19607843137254904,3.0,0.9903381642512077,0.7922705314009661,1,2.5,2,109,0,2.0,-0.5
0,0.9618320610687023,0.32061068702290074,-0.6412213740458015,3.0,0.9902912621359223,0.3300970873786408,0,3.0,1,109,1,1.0,-2.0
0,0.9618320610687023,1.282442748091603,0.32061068702290074,3.0,0.9884393063583815,1.3179190751445087,0,3.0,2,109,1,4.0,1.0
1,0.9618320610687023,1.6030534351145038,0.6412213740458015,3.0,0.9847328244274809,1.6412213740458015,0,3.0,1,109,1,5.0,2.0
1,0.9618320610687023,1.282442748091603,0.32061068702290074,3.0,0.9829545454545455,1.3106060606060608,1,3.0,2,109,1,4.0,1.0
1,0.9618320610687023,1.9236641221374047,0.9618320610687023,3.0,0.9775280898876404,1.9550561797752808,1,3.0,1,109,1,6.0,3.0
1,0.9618320610687023,1.282442748091603,0.32061068702290074,3.0,0.9758364312267658,1.3011152416356877,1,3.0,2,109,1,4.0,1.0
1,0.9618320610687023,1.282442748091603,0.32061068702290074,3.0,0.974169741697417,1.2988929889298892,1,3.0,2,109,1,4.0,1.0
1,0.9803921568627452,1.9607843137254903,0.9803921568627452,3.0,0.9787735849056605,1.957547169811321,1,2.5,1,109,0,5.0,2.5
1,0.9803921568627452,1.9607843137254903,0.9803921568627452,3.0,0.9677419354838709,1.9354838709677418,1,2.5,1,109,0,5.0,2.5
0,0.9618320610687023,0.9618320610687023,0.0,3.0,0.9743119266055046,0.9743119266055046,1,3.0,2,109,1,3.0,0.0
0,0.9803921568627452,0.0,-0.9803921568627452,3.0,0.9792626728110599,0.0,0,2.5,2,109,0,0.0,-2.5
1,0.9618320610687023,2.2442748091603053,1.282442748091603,3.0,0.967391304347826,2.2572463768115942,0,3.0,1,109,1,7.0,4.0
0,0.9803921568627452,0.0,-0.9803921568627452,3.0,0.9907834101382488,0.0,1,2.5,2,109,0,0.0,-2.5
1,0.9618320610687023,1.6030534351145038,0.6412213740458015,3.0,0.9640933572710951,1.6068222621184918,0,3.0,1,109,1,5.0,2.0
1,0.9618320610687023,1.282442748091603,0.32061068702290074,3.0,0.9625668449197861,1.2834224598930482,1,3.0,2,109,1,4.0,1.0
1,0.9803921568627452,1.9607843137254903,0.9803921568627452,3.0,0.9797297297297296,1.9594594594594592,1,2.5,2,109,0,5.0,2.5
1,0.9803921568627452,1.1764705882352942,0.19607843137254904,3.0,0.9777777777777779,1.1733333333333333,1,2.5,1,109,0,3.0,0.5
1,0.9803921568627452,1.9607843137254903,0.9803921568627452,3.0,0.967391304347826,1.934782608695652,1,2.5,2,109,0,5.0,2.5
1,0.9618320610687023,0.9618320610687023,0.0,3.0,0.9627659574468085,0.9627659574468085,1,3.0,2,109,1,3.0,0.0
1,0.9618320610687023,1.282442748091603,0.32061068702290074,3.0,0.9612676056338028,1.2816901408450705,1,3.0,2,109,1,4.0,1.0
1,0.9618320610687023,0.9618320610687023,0.0,3.0,0.9614711033274956,0.9614711033274956,1,3.0,2,109,1,3.0,0.0
1,0.9618320610687023,1.9236641221374047,0.9618320610687023,3.0,0.9566724436741768,1.9133448873483536,1,3.0,2,109,1,6.0,3.0
0,0.9618320610687023,0.32061068702290074,-0.6412213740458015,3.0,0.9602076124567474,0.32006920415224915,1,3.0,1,109,1,1.0,-2.0
1,0.9618320610687023,0.9618320610687023,0.0,3.0,0.9604130808950087,0.9604130808950087,0,3.0,1,109,1,3.0,0.0
1,0.9618320610687023,0.6412213740458015,-0.32061068702290074,3.0,0.9622641509433962,0.6415094339622641,1,3.0,1,109,1,2.0,-1.0
0,0.9618320610687023,0.32061068702290074,-0.6412213740458015,3.0,0.9657534246575343,0.3219178082191781,1,3.0,2,109,1,1.0,-2.0
1,0.9618320610687023,1.9236641221374047,0.9618320610687023,3.0,0.9610169491525423,1.9220338983050846,0,3.0,2,109,1,6.0,3.0
1,0.9618320610687023,1.282442748091603,0.32061068702290074,3.0,0.9595959595959596,1.2794612794612794,1,3.0,2,109,1,4.0,1.0
0,0.9803921568627452,0.7843137254901962,-0.19607843137254904,3.0,0.9698275862068965,0.7758620689655172,1,2.5,1,109,0,2.0,-0.5
1,0.9618320610687023,1.282442748091603,0.32061068702290074,3.0,0.9581939799331104,1.2775919732441472,0,3.0,2,109,1,4.0,1.0
1,0.9618320610687023,0.6412213740458015,-0.32061068702290074,3.0,0.96,0.64,1,3.0,1,109,1,2.0,-1.0
1,0.9618320610687023,1.6030534351145038,0.6412213740458015,3.0,0.9570247933884297,1.5950413223140496,1,3.0,1,109,1,5.0,2.0
0,0.9803921568627452,0.3921568627450981,-0.5882352941176471,3.0,0.9763948497854078,0.3905579399141631,1,2.5,1,109,0,1.0,-1.5
0,0.9803921568627452,0.0,-0.9803921568627452,3.0,0.9871244635193134,0.0,0,2.5,2,109,0,0.0,-2.5
1,0.9618320610687023,1.6030534351145038,0.6412213740458015,3.0,0.9543230016313214,1.5905383360522023,100,3.0,1,109,1,5.0,2.0
1,0.9803921568627452,1.9607843137254903,0.9803921568627452,3.0,0.976890756302521,1.953781512605042,1,2.5,1,109,0,5.0,2.5
0,0.9803921568627452,0.0,-0.9803921568627452,3.0,0.9873949579831933,0.0,1,2.5,1,109,0,0.0,-2.5
1,0.9618320610687023,2.2442748091603053,1.282442748091603,3.0,0.9483870967741935,2.2129032258064516,0,3.0,1,109,1,7.0,4.0
1,0.9618320610687023,0.32061068702290074,-0.6412213740458015,3.0,0.9516908212560388,0.3172302737520129,1,3.0,2,109,1,1.0,-2.0
0,0.9618320610687023,0.9618320610687023,0.0,3.0,0.951923076923077,0.951923076923077,1,3.0,2,109,1,3.0,0.0
0,0.9618320610687023,0.0,-0.9618320610687023,3.0,0.9567307692307693,0.0,0,3.0,2,109,1,0.0,-3.0
1,0.9618320610687023,0.9618320610687023,0.0,3.0,0.9569377990430623,0.9569377990430623,0,3.0,2,109,1,3.0,0.0
1,0.9618320610687023,1.6030534351145038,0.6412213740458015,3.0,0.9541139240506329,1.5901898734177216,1,3.0,2,109,1,5.0,2.0
0,0.9618320610687023,0.6412213740458015,-0.32061068702290074,3.0,0.9558359621451104,0.6372239747634069,1,3.0,2,109,1,2.0,-1.0
1,0.9803921568627452,1.1764705882352942,0.19607843137254904,3.0,0.9854771784232366,1.1825726141078838,0,2.5,2,109,0,3.0,0.5
0,0.9618320610687023,0.6412213740458015,-0.32061068702290074,3.0,0.9575471698113207,0.6383647798742138,1,3.0,2,109,1,2.0,-1.0
1,0.9803921568627452,1.1764705882352942,0.19607843137254904,3.0,0.9836065573770493,1.180327868852459,0,2.5,1,109,0,3.0,0.5
1,0.9803921568627452,0.0,-0.9803921568627452,3.0,0.9938524590163935,0.0,1,2.5,2,109,0,0.0,-2.5
0,0.9618320610687023,0.6412213740458015,-0.32061068702290074,3.0,0.9592476489028213,0.6394984326018809,1,3.0,2,109,1,2.0,-1.0
1,0.9803921568627452,1.9607843137254903,0.9803921568627452,3.0,0.9839357429718876,1.9678714859437751,0,2.5,2,109,0,5.0,2.5
0,0.9618320610687023,0.6412213740458015,-0.32061068702290074,3.0,0.9609375,0.640625,1,3.0,2,109,1,2.0,-1.0
0,0.9618320610687023,1.6030534351145038,0.6412213740458015,3.0,0.9581395348837208,1.5968992248062015,0,3.0,1,109,1,5.0,2.0
0,0.9618320610687023,0.6412213740458015,-0.32061068702290074,3.0,0.9598145285935085,0.6398763523956723,0,3.0,2,109,1,2.0,-1.0
1,0.9618320610687023,1.282442748091603,0.32061068702290074,3.0,0.9585253456221198,1.2780337941628264,0,3.0,1,109,1,4.0,1.0
0,0.9618320610687023,0.32061068702290074,-0.6412213740458015,3.0,0.9616564417177914,0.32055214723926384,1,3.0,1,109,1,1.0,-2.0
1,0.9618320610687023,0.9618320610687023,0.0,3.0,0.9618320610687023,0.9618320610687023,0,3.0,2,109,1,3.0,0.0
1,0.9803921568627452,0.7843137254901962,-0.19607843137254904,3.0,0.9803921568627452,0.7843137254901962,100,2.5,2,109,0,2.0,-0.5
