Choice,DV_Norm_Ref_Amount,DV_Norm_Value,DV_WR_Norm_Value,Day,MC_Norm_Ref_Amount,MC_Norm_Value,Prev_choice,Ref_Amount,Ref_Pos,Subj,Trial_type,Value,WTP_Ref
1,0.8677685950413224,2.169421487603306,1.3016528925619837,1.0,0.4,1.0,100,2,2,110,1,5.0,3.0
1,0.8677685950413224,1.3016528925619837,0.4338842975206612,1.0,0.5,0.75,1,2,2,110,1,3.0,1.0
1,0.8677685950413224,1.7355371900826448,0.8677685950413224,1.0,0.5,1.0,1,2,2,110,1,4.0,2.0
1,0.8,1.6,0.8,1.0,0.5,1.0,1,1,2,110,0,2.0,1.0
1,0.8677685950413224,1.3016528925619837,0.4338842975206612,1.0,0.5333333333333333,0.8,1,2,2,110,1,3.0,1.0
1,0.8677685950413224,0.8677685950413224,0.0,1.0,0.5882352941176471,0.5882352941176471,1,2,1,110,1,2.0,0.0
0,0.8677685950413224,0.0,-0.8677685950413224,1.0,0.7058823529411764,0.0,1,2,1,110,1,0.0,-2.0
0,0.8677685950413224,0.0,-0.8677685950413224,1.0,0.823529411764706,0.0,0,2,1,110,1,0.0,-2.0
1,0.8677685950413224,1.3016528925619837,0.4338842975206612,1.0,0.8,1.2,0,2,2,110,1,3.0,1.0
1,0.8677685950413224,0.8677685950413224,0.0,1.0,0.8181818181818181,0.8181818181818181,1,2,1,110,1,2.0,0.0
0,0.8,0.0,-0.8,1.0,1.0,0.0,1,1,2,110,0,0.0,-1.0
0,0.8677685950413224,0.0,-0.8677685950413224,1.0,0.9090909090909091,0.0,0,2,1,110,1,0.0,-2.0
1,0.8677685950413224,1.7355371900826448,0.8677685950413224,1.0,0.8461538461538461,1.6923076923076923,0,2,2,110,1,4.0,2.0
0,0.8,0.0,-0.8,1.0,1.5,0.0,1,1,1,110,0,0.0,-1.0
0,0.8677685950413224,0.4338842975206612,-0.4338842975206612,1.0,0.8888888888888888,0.4444444444444444,0,2,1,110,1,1.0,-1.0
1,0.8677685950413224,1.3016528925619837,0.4338842975206612,1.0,0.8666666666666667,1.3,0,2,1,110,1,3.0,1.0
0,0.8,0.8,0.0,1.0,1.3333333333333333,1.3333333333333333,1,1,2,110,0,1.0,0.0
0,0.8,0.0,-0.8,1.0,1.6666666666666667,0.0,0,1,1,110,0,0.0,-1.0
1,0.8677685950413224,1.3016528925619837,0.4338842975206612,1.0,0.8484848484848485,1.2727272727272727,0,2,1,110,1,3.0,1.0
1,0.8677685950413224,1.3016528925619837,0.4338842975206612,1.0,0.8333333333333334,1.25,1,2,2,110,1,3.0,1.0
1,0.8677685950413224,1.3016528925619837,0.4338842975206612,1.0,0.8205128205128205,1.2307692307692308,1,2,2,110,1,3.0,1.0
1,0.8677685950413224,1.3016528925619837,0.4338842975206612,1.0,0.8095238095238095,1.2142857142857142,1,2,2,110,1,3.0,1.0
1,0.8677685950413224,1.3016528925619837,0.4338842975206612,1.0,0.8,1.2,1,2,2,110,1,3.0,1.0
0,0.8,0.0,-0.8,1.0,2.0,0.0,1,1,1,110,0,0.0,-1.0
1,0.8677685950413224,1.3016528925619837,0.4338842975206612,1.0,0.7916666666666667,1.1875,0,2,2,110,1,3.0,1.0
1,0.8677685950413224,0.8677685950413224,0.0,1.0,0.8,0.8,1,2,2,110,1,2.0,0.0
1,0.8677685950413224,0.8677685950413224,0.0,1.0,0.8076923076923077,0.8076923076923077,1,2,1,110,1,2.0,0.0
0,0.8677685950413224,0.4338842975206612,-0.4338842975206612,1.0,0.830188679245283,0.4150943396226415,1,2,2,110,1,1.0,-1.0
1,0.8,1.6,0.8,1.0,1.4,2.8,0,1,1,110,0,2.0,1.0
1,0.8677685950413224,0.8677685950413224,0.0,1.0,0.8363636363636364,0.8363636363636364,1,2,1,110,1,2.0,0.0
0,0.8677685950413224,0.8677685950413224,0.0,1.0,0.8421052631578947,0.8421052631578947,1,2,2,110,1,2.0,0.0
1,0.8,1.6,0.8,1.0,1.1428571428571428,2.2857142857142856,0,1,2,110,0,2.0,1.0
0,0.8677685950413224,0.4338842975206612,-0.4338842975206612,1.0,0.8620689655172414,0.4310344827586207,1,2,2,110,1,1.0,-1.0
0,0.8,0.8,0.0,1.0,1.125,1.125,0,1,1,110,0,1.0,0.0
1,0.8677685950413224,1.7355371900826448,0.8677685950413224,1.0,0.8387096774193549,1.6774193548387097,0,2,2,110,1,4.0,2.0
1,0.8,0.8,0.0,1.0,1.1111111111111112,1.1111111111111112,1,1,1,110,0,1.0,0.0
1,0.8677685950413224,2.169421487603306,1.3016528925619837,1.0,0.8059701492537313,2.0149253731343286,1,2,1,110,1,5.0,3.0
1,0.8,2.4,1.6,1.0,0.9166666666666667,2.75,1,1,1,110,0,3.0,2.0
1,0.8677685950413224,2.169421487603306,1.3016528925619837,1.0,0.7777777777777777,1.9444444444444442,1,2,1,110,1,5.0,3.0
0,0.8677685950413224,0.4338842975206612,-0.4338842975206612,1.0,0.7945205479452055,0.3972602739726028,1,2,2,110,1,1.0,-1.0
1,0.8677685950413224,1.3016528925619837,0.4338842975206612,1.0,0.7894736842105263,1.1842105263157896,0,2,1,110,1,3.0,1.0
1,0.8,1.6,0.8,1.0,0.8571428571428571,1.7142857142857142,1,1,2,110,0,2.0,1.0
1,0.8677685950413224,2.6033057851239674,1.7355371900826448,1.0,0.7560975609756098,2.2682926829268295,1,2,1,110,1,6.0,4.0
1,0.8677685950413224,1.7355371900826448,0.8677685950413224,1.0,0.7441860465116279,1.4883720930232558,1,2,2,110,1,4.0,2.0
0,0.8677685950413224,0.8677685950413224,0.0,1.0,0.75,0.75,1,2,1,110,1,2.0,0.0
1,0.8,1.6,0.8,1.0,0.8125,1.625,0,1,2,110,0,2.0,1.0
0,0.8677685950413224,0.4338842975206612,-0.4338842975206612,1.0,0.7640449438202247,0.38202247191011235,1,2,2,110,1,1.0,-1.0
1,0.8,0.8,0.0,1.0,0.823529411764706,0.823529411764706,0,1,2,110,0,1.0,0.0
0,0.8677685950413224,0.8677685950413224,0.0,1.0,0.7692307692307692,0.7692307692307692,1,2,1,110,1,2.0,0.0
1,0.8677685950413224,1.3016528925619837,0.4338842975206612,1.0,0.7708333333333333,1.15625,100,2,1,110,1,3.0,1.0
1,0.8,1.6,0.8,1.0,0.7894736842105263,1.5789473684210527,1,1,2,110,0,2.0,1.0
0,0.8,0.0,-0.8,1.0,0.8421052631578947,0.0,1,1,1,110,0,0.0,-1.0
1,0.8,2.4,1.6,1.0,0.7727272727272727,2.318181818181818,0,1,2,110,0,3.0,2.0
1,0.8677685950413224,1.3016528925619837,0.4338842975206612,1.0,0.7676767676767677,1.1515151515151516,1,2,2,110,1,3.0,1.0
1,0.8677685950413224,1.3016528925619837,0.4338842975206612,1.0,0.7647058823529411,1.1470588235294117,1,2,2,110,1,3.0,1.0
1,0.8,0.8,0.0,1.0,0.782608695652174,0.782608695652174,1,1,1,110,0,1.0,0.0
1,0.8677685950413224,0.8677685950413224,0.0,1.0,0.7692307692307692,0.7692307692307692,1,2,1,110,1,2.0,0.0
0,0.8677685950413224,0.4338842975206612,-0.4338842975206612,1.0,0.780952380952381,0.3904761904761905,1,2,1,110,1,1.0,-1.0
0,0.8,0.0,-0.8,1.0,0.8260869565217391,0.0,0,1,2,110,0,0.0,-1.0
0,0.8677685950413224,0.4338842975206612,-0.4338842975206612,1.0,0.7924528301886793,0.39622641509433965,0,2,1,110,1,1.0,-1.0
1,0.8,1.6,0.8,1.0,0.8,1.6,0,1,2,110,0,2.0,1.0
0,0.8,0.0,-0.8,1.0,0.84,0.0,100,1,1,110,0,0.0,-1.0
0,0.8,0.0,-0.8,1.0,0.8799999999999999,0.0,0,1,2,110,0,0.0,-1.0
0,0.8677685950413224,0.4338842975206612,-0.4338842975206612,1.0,0.8037383177570093,0.40186915887850466,0,2,2,110,1,1.0,-1.0
0,0.8677685950413224,0.4338842975206612,-0.4338842975206612,1.0,0.8148148148148148,0.4074074074074074,0,2,1,110,1,1.0,-1.0
0,0.8677685950413224,0.0,-0.8677685950413224,1.0,0.8333333333333334,0.0,0,2,2,110,1,0.0,-2.0
1,0.8677685950413224,1.3016528925619837,0.4338842975206612,1.0,0.8288288288288288,1.2432432432432432,0,2,2,110,1,3.0,1.0
1,0.8677685950413224,1.3016528925619837,0.4338842975206612,1.0,0.8245614035087718,1.2368421052631577,1,2,1,110,1,3.0,1.0
0,0.8677685950413224,0.4338842975206612,-0.4338842975206612,1.0,0.8347826086956521,0.41739130434782606,1,2,1,110,1,1.0,-1.0
1,0.8677685950413224,1.3016528925619837,0.4338842975206612,1.0,0.8305084745762712,1.2457627118644068,0,2,1,110,1,3.0,1.0
1,0.8,1.6,0.8,1.0,0.8518518518518517,1.7037037037037035,1,1,1,110,0,2.0,1.0
1,0.8677685950413224,0.8677685950413224,0.0,1.0,0.8333333333333334,0.8333333333333334,1,2,2,110,1,2.0,0.0
1,0.8677685950413224,1.7355371900826448,0.8677685950413224,1.0,0.8225806451612904,1.6451612903225807,1,2,2,110,1,4.0,2.0
1,0.8677685950413224,0.8677685950413224,0.0,1.0,0.8253968253968255,0.8253968253968255,1,2,2,110,1,2.0,0.0
1,0.8677685950413224,0.8677685950413224,0.0,1.0,0.828125,0.828125,1,2,2,110,1,2.0,0.0
1,0.8677685950413224,1.3016528925619837,0.4338842975206612,1.0,0.8244274809160305,1.2366412213740456,1,2,2,110,1,3.0,1.0
0,0.8677685950413224,0.0,-0.8677685950413224,1.0,0.8396946564885496,0.0,1,2,1,110,1,0.0,-2.0
1,0.8,1.6,0.8,1.0,0.8275862068965518,1.6551724137931036,0,1,2,110,0,2.0,1.0
1,0.8,1.6,0.8,1.0,0.8064516129032259,1.6129032258064517,1,1,2,110,0,2.0,1.0
1,0.8677685950413224,1.3016528925619837,0.4338842975206612,1.0,0.835820895522388,1.2537313432835822,1,2,1,110,1,3.0,1.0
0,0.8677685950413224,0.8677685950413224,0.0,1.0,0.8382352941176471,0.8382352941176471,1,2,2,110,1,2.0,0.0
1,0.8,1.6,0.8,1.0,0.787878787878788,1.575757575757576,0,1,2,110,0,2.0,1.0
0,0.8677685950413224,0.4338842975206612,-0.4338842975206612,1.0,0.8467153284671532,0.4233576642335766,1,2,2,110,1,1.0,-1.0
0,0.8677685950413224,0.8677685950413224,0.0,1.0,0.8489208633093526,0.8489208633093526,0,2,2,110,1,2.0,0.0
1,0.8677685950413224,1.7355371900826448,0.8677685950413224,1.0,0.8391608391608392,1.6783216783216783,0,2,2,110,1,4.0,2.0
0,0.8,0.0,-0.8,1.0,0.8181818181818181,0.0,1,1,1,110,0,0.0,-1.0
1,0.8677685950413224,0.8677685950413224,0.0,1.0,0.8413793103448275,0.8413793103448275,0,2,1,110,1,2.0,0.0
0,0.8,1.6,0.8,1.0,0.8,1.6,1,1,1,110,0,2.0,1.0
0,0.8,0.8,0.0,1.0,0.8055555555555556,0.8055555555555556,0,1,1,110,0,1.0,0.0
1,0.8677685950413224,0.4338842975206612,-0.4338842975206612,1.0,0.8493150684931506,0.4246575342465753,0,2,2,110,1,1.0,-1.0
0,0.8,0.0,-0.8,1.0,0.8333333333333334,0.0,1,1,1,110,0,0.0,-1.0
1,0.8677685950413224,0.8677685950413224,0.0,1.0,0.8513513513513513,0.8513513513513513,0,2,1,110,1,2.0,0.0
1,0.8677685950413224,0.8677685950413224,0.0,1.0,0.8533333333333334,0.8533333333333334,1,2,1,110,1,2.0,0.0
0,0.8,0.8,0.0,1.0,0.8378378378378378,0.8378378378378378,1,1,1,110,0,1.0,0.0
1,0.8677685950413224,0.8677685950413224,0.0,1.0,0.8552631578947368,0.8552631578947368,0,2,1,110,1,2.0,0.0
1,0.8677685950413224,1.3016528925619837,0.4338842975206612,1.0,0.8516129032258064,1.2774193548387096,1,2,1,110,1,3.0,1.0
0,0.8677685950413224,0.4338842975206612,-0.4338842975206612,1.0,0.8589743589743589,0.42948717948717946,1,2,2,110,1,1.0,-1.0
1,0.8,1.6,0.8,1.0,0.8205128205128205,1.641025641025641,0,1,1,110,0,2.0,1.0
1,0.8677685950413224,1.7355371900826448,0.8677685950413224,1.0,0.85,1.7,1,2,1,110,1,4.0,2.0
1,0.8677685950413224,1.3016528925619837,0.4338842975206612,1.0,0.8466257668711658,1.2699386503067485,1,2,2,110,1,3.0,1.0
1,0.8,0.0,-0.8,1.0,0.8461538461538461,0.0,1,1,2,110,0,0.0,-1.0
0,0.8,0.8,0.0,1.0,0.85,0.85,1,1,1,110,0,1.0,0.0
1,0.8677685950413224,0.8677685950413224,0.0,1.0,0.8484848484848485,0.8484848484848485,0,2,1,110,1,2.0,0.0
0,0.8,0.0,-0.8,1.0,0.875,0.0,1,1,1,110,0,0.0,-1.0
0,0.8677685950413224,0.4338842975206612,-0.4338842975206612,1.0,0.8554216867469879,0.42771084337349397,0,2,1,110,1,1.0,-1.0
0,0.8677685950413224,1.3016528925619837,0.4338842975206612,1.0,0.8520710059171597,1.2781065088757395,0,2,2,110,1,3.0,1.0
1,0.8677685950413224,1.3016528925619837,0.4338842975206612,1.0,0.8488372093023255,1.2732558139534884,0,2,1,110,1,3.0,1.0
1,0.8677685950413224,1.3016528925619837,0.4338842975206612,1.0,0.8457142857142858,1.2685714285714285,1,2,2,110,1,3.0,1.0
1,0.8,0.8,0.0,1.0,0.8780487804878049,0.8780487804878049,1,1,2,110,0,1.0,0.0
1,0.8677685950413224,1.7355371900826448,0.8677685950413224,1.0,0.8379888268156425,1.675977653631285,1,2,1,110,1,4.0,2.0
0,0.8677685950413224,0.4338842975206612,-0.4338842975206612,1.0,0.8444444444444446,0.4222222222222223,1,2,1,110,1,1.0,-1.0
1,0.8,2.4,1.6,1.0,0.8409090909090908,2.5227272727272725,0,1,1,110,0,3.0,2.0
1,0.8677685950413224,1.7355371900826448,0.8677685950413224,1.0,0.8369565217391305,1.673913043478261,1,2,1,110,1,4.0,2.0
1,0.8,2.4,1.6,1.0,0.8085106382978723,2.4255319148936167,1,1,1,110,0,3.0,2.0
1,0.8677685950413224,1.7355371900826448,0.8677685950413224,1.0,0.8297872340425533,1.6595744680851066,1,2,2,110,1,4.0,2.0
1,0.8677685950413224,1.7355371900826448,0.8677685950413224,1.0,0.8229166666666666,1.6458333333333333,1,2,1,110,1,4.0,2.0
1,0.8677685950413224,0.8677685950413224,0.0,1.0,0.8247422680412372,0.8247422680412372,1,2,1,110,1,2.0,0.0
0,0.8,0.8,0.0,1.0,0.8125,0.8125,1,1,2,110,0,1.0,0.0
1,0.8677685950413224,0.8677685950413224,0.0,1.0,0.8265306122448979,0.8265306122448979,0,2,1,110,1,2.0,0.0
1,0.8677685950413224,1.3016528925619837,0.4338842975206612,1.0,0.8241206030150754,1.236180904522613,1,2,2,110,1,3.0,1.0
1,0.8,1.6,0.8,1.0,0.8,1.6,1,1,2,110,0,2.0,1.0
1,0.8677685950413224,1.3016528925619837,0.4338842975206612,1.0,0.8217821782178217,1.2326732673267327,1,2,1,110,1,3.0,1.0
0,0.8677685950413224,0.0,-0.8677685950413224,1.0,0.8316831683168318,0.0,1,2,2,110,1,0.0,-2.0
1,0.8677685950413224,0.8677685950413224,0.0,1.0,0.8333333333333334,0.8333333333333334,100,2,2,110,1,2.0,0.0
1,0.8677685950413224,0.8677685950413224,0.0,1.0,0.8349514563106797,0.8349514563106797,1,2,2,110,1,2.0,0.0
1,0.8677685950413224,1.3016528925619837,0.4338842975206612,1.0,0.8325358851674641,1.2488038277511964,1,2,2,110,1,3.0,1.0
1,0.8,1.6,0.8,1.0,0.7884615384615384,1.5769230769230769,1,1,2,110,0,2.0,1.0
1,0.8677685950413224,1.7355371900826448,0.8677685950413224,1.0,0.8262910798122066,1.6525821596244132,1,2,2,110,1,4.0,2.0
1,0.8677685950413224,0.8677685950413224,0.0,1.0,0.8279069767441861,0.8279069767441861,1,2,1,110,1,2.0,0.0
0,0.8,0.0,-0.8,1.0,0.8076923076923077,0.0,1,1,1,110,0,0.0,-1.0
0,0.8,0.8,0.0,1.0,0.8113207547169812,0.8113207547169812,0,1,2,110,0,1.0,0.0
1,0.8677685950413224,1.3016528925619837,0.4338842975206612,1.0,0.8256880733944955,1.2385321100917432,0,2,1,110,1,3.0,1.0
0,0.8677685950413224,0.4338842975206612,-0.4338842975206612,1.0,0.8310502283105023,0.4155251141552512,1,2,1,110,1,1.0,-1.0
1,0.8,2.4,1.6,1.0,0.7857142857142857,2.357142857142857,0,1,1,110,0,3.0,2.0
0,0.8677685950413224,0.0,-0.8677685950413224,1.0,0.8401826484018264,0.0,1,2,1,110,1,0.0,-2.0
0,0.8677685950413224,0.4338842975206612,-0.4338842975206612,1.0,0.8454545454545455,0.42272727272727273,0,2,2,110,1,1.0,-1.0
1,0.8677685950413224,0.8677685950413224,0.0,1.0,0.8468468468468467,0.8468468468468467,0,2,2,110,1,2.0,0.0
1,0.8677685950413224,0.8677685950413224,0.0,1.0,0.8482142857142858,0.8482142857142858,1,2,1,110,1,2.0,0.0
1,0.8677685950413224,1.3016528925619837,0.4338842975206612,1.0,0.8458149779735682,1.2687224669603523,1,2,1,110,1,3.0,1.0
1,0.8,1.6,0.8,1.0,0.7758620689655172,1.5517241379310345,1,1,2,110,0,2.0,1.0
0,0.8677685950413224,0.8677685950413224,0.0,1.0,0.8471615720524017,0.8471615720524017,1,2,1,110,1,2.0,0.0
1,0.8677685950413224,1.3016528925619837,0.4338842975206612,1.0,0.8448275862068966,1.2672413793103448,0,2,2,110,1,3.0,1.0
1,0.8677685950413224,1.7355371900826448,0.8677685950413224,1.0,0.8389830508474577,1.6779661016949154,1,2,2,110,1,4.0,2.0
1,0.8,2.4,1.6,1.0,0.7540983606557378,2.2622950819672134,1,1,1,110,0,3.0,2.0
0,0.8677685950413224,0.0,-0.8677685950413224,1.0,0.8474576271186441,0.0,1,2,1,110,1,0.0,-2.0
0,0.8,1.6,0.8,1.0,0.746031746031746,1.492063492063492,0,1,1,110,0,2.0,1.0
1,0.8,1.6,0.8,1.0,0.7384615384615384,1.4769230769230768,0,1,2,110,0,2.0,1.0
1,0.8677685950413224,1.3016528925619837,0.4338842975206612,1.0,0.8451882845188285,1.2677824267782427,1,2,1,110,1,3.0,1.0
1,0.8677685950413224,1.7355371900826448,0.8677685950413224,1.0,0.8395061728395062,1.6790123456790125,1,2,1,110,1,4.0,2.0
0,0.8,0.0,-0.8,1.0,0.7538461538461539,0.0,1,1,1,110,0,0.0,-1.0
0,0.8,0.0,-0.8,1.0,0.7692307692307692,0.0,0,1,1,110,0,0.0,-1.0
1,0.8677685950413224,0.8677685950413224,0.0,1.0,0.8408163265306123,0.8408163265306123,0,2,1,110,1,2.0,0.0
1,0.8677685950413224,1.7355371900826448,0.8677685950413224,1.0,0.8353413654618475,1.670682730923695,1,2,1,110,1,4.0,2.0
0,0.8677685950413224,0.8677685950413224,0.0,1.0,0.8366533864541833,0.8366533864541833,1,2,2,110,1,2.0,0.0
1,0.8,1.6,0.8,1.0,0.7611940298507462,1.5223880597014925,0,1,2,110,0,2.0,1.0
1,0.8677685950413224,2.169421487603306,1.3016528925619837,1.0,0.828125,2.0703125,1,2,1,110,1,5.0,3.0
0,0.8,0.0,-0.8,1.0,0.7761194029850745,0.0,1,1,2,110,0,0.0,-1.0
1,0.8677685950413224,0.8677685950413224,0.0,1.0,0.8294573643410853,0.8294573643410853,0,2,1,110,1,2.0,0.0
1,0.8677685950413224,0.8677685950413224,0.0,1.0,0.8307692307692307,0.8307692307692307,1,2,1,110,1,2.0,0.0
0,0.8677685950413224,0.8677685950413224,0.0,1.0,0.8320610687022901,0.8320610687022901,1,2,2,110,1,2.0,0.0
0,0.8677685950413224,0.4338842975206612,-0.4338842975206612,1.0,0.8365019011406843,0.4182509505703422,0,2,2,110,1,1.0,-1.0
0,0.8677685950413224,0.4338842975206612,-0.4338842975206612,1.0,0.8409090909090908,0.4204545454545454,0,2,1,110,1,1.0,-1.0
1,0.8,1.6,0.8,1.0,0.7681159420289856,1.5362318840579712,0,1,2,110,0,2.0,1.0
0,0.8677685950413224,0.8677685950413224,0.0,1.0,0.8421052631578947,0.8421052631578947,1,2,1,110,1,2.0,0.0
1,0.8,0.8,0.0,1.0,0.7714285714285715,0.7714285714285715,0,1,2,110,0,1.0,0.0
0,0.8677685950413224,0.0,-0.8677685950413224,1.0,0.849624060150376,0.0,1,2,2,110,1,0.0,-2.0
0,0.8,0.8,0.0,1.0,0.7746478873239436,0.7746478873239436,0,1,2,110,0,1.0,0.0
0,0.8,0.0,-0.8,1.0,0.7887323943661972,0.0,0,1,2,110,0,0.0,-1.0
0,0.8677685950413224,0.0,-0.8677685950413224,1.0,0.8571428571428571,0.0,0,2,2,110,1,0.0,-2.0
1,0.8677685950413224,1.3016528925619837,0.4338842975206612,1.0,0.8550185873605949,1.2825278810408922,0,2,1,110,1,3.0,1.0
0,0.8,0.8,0.0,1.0,0.7916666666666667,0.7916666666666667,1,1,1,110,0,1.0,0.0
0,0.8677685950413224,0.0,-0.8677685950413224,1.0,0.862453531598513,0.0,0,2,2,110,1,0.0,-2.0
1,0.8677685950413224,0.4338842975206612,-0.4338842975206612,1.0,0.8666666666666667,0.43333333333333335,0,2,1,110,1,1.0,-1.0
1,0.8677685950413224,0.8677685950413224,0.0,1.0,0.8676470588235294,0.8676470588235294,1,2,1,110,1,2.0,0.0
0,0.8677685950413224,0.4338842975206612,-0.4338842975206612,1.0,0.8717948717948718,0.4358974358974359,1,2,2,110,1,1.0,-1.0
0,0.8677685950413224,0.4338842975206612,-0.4338842975206612,1.0,0.8759124087591241,0.43795620437956206,0,2,2,110,1,1.0,-1.0
1,0.8677685950413224,1.7355371900826448,0.8677685950413224,1.0,0.8705035971223022,1.7410071942446044,0,2,2,110,1,4.0,2.0
1,0.8677685950413224,1.3016528925619837,0.4338842975206612,1.0,0.8683274021352314,1.302491103202847,1,2,1,110,1,3.0,1.0
1,0.8677685950413224,1.3016528925619837,0.4338842975206612,1.0,0.8661971830985915,1.2992957746478873,1,2,1,110,1,3.0,1.0
0,0.8677685950413224,0.4338842975206612,-0.4338842975206612,1.0,0.8701754385964913,0.43508771929824563,1,2,1,110,1,1.0,-1.0
1,0.8,0.8,0.0,1.0,0.7945205479452055,0.7945205479452055,0,1,2,110,0,1.0,0.0
1,0.8,1.6,0.8,1.0,0.7866666666666667,1.5733333333333335,1,1,1,110,0,2.0,1.0
1,0.8677685950413224,0.8677685950413224,0.0,1.0,0.8710801393728224,0.8710801393728224,1,2,2,110,1,2.0,0.0
1,0.8677685950413224,0.8677685950413224,0.0,1.0,0.8719723183391004,0.8719723183391004,1,2,2,110,1,2.0,0.0
0,0.8,0.0,-0.8,1.0,0.8,0.0,1,1,1,110,0,0.0,-1.0
0,0.8677685950413224,0.0,-0.8677685950413224,1.0,0.8788927335640139,0.0,100,2,1,110,1,0.0,-2.0
0,0.8,0.0,-0.8,1.0,0.8133333333333334,0.0,0,1,2,110,0,0.0,-1.0
1,0.8,1.6,0.8,1.0,0.8051948051948052,1.6103896103896105,0,1,1,110,0,2.0,1.0
1,0.8677685950413224,1.3016528925619837,0.4338842975206612,1.0,0.8767123287671232,1.3150684931506849,1,2,2,110,1,3.0,1.0
0,0.8677685950413224,0.8677685950413224,0.0,1.0,0.8775510204081632,0.8775510204081632,1,2,2,110,1,2.0,0.0
1,0.8677685950413224,0.8677685950413224,0.0,1.0,0.8783783783783784,0.8783783783783784,0,2,1,110,1,2.0,0.0
0,0.8677685950413224,0.4338842975206612,-0.4338842975206612,1.0,0.8821548821548821,0.44107744107744107,1,2,1,110,1,1.0,-1.0
1,0.8677685950413224,0.8677685950413224,0.0,1.0,0.882943143812709,0.882943143812709,0,2,1,110,1,2.0,0.0
0,0.8,0.8,0.0,1.0,0.8076923076923077,0.8076923076923077,1,1,2,110,0,1.0,0.0
0,0.8,0.8,0.0,1.0,0.810126582278481,0.810126582278481,0,1,2,110,0,1.0,0.0
0,0.8,0.8,0.0,1.0,0.8125,0.8125,0,1,1,110,0,1.0,0.0
1,0.8,1.6,0.8,1.0,0.8048780487804879,1.6097560975609757,0,1,2,110,0,2.0,1.0
0,0.8677685950413224,0.8677685950413224,0.0,1.0,0.8837209302325582,0.8837209302325582,1,2,2,110,1,2.0,0.0
1,0.8677685950413224,0.8677685950413224,0.0,1.0,0.8844884488448844,0.8844884488448844,0,2,1,110,1,2.0,0.0
1,0.8,2.4,1.6,1.0,0.788235294117647,2.3647058823529408,1,1,2,110,0,3.0,2.0
1,0.8,2.4,1.6,1.0,0.7727272727272727,2.318181818181818,1,1,1,110,0,3.0,2.0
1,0.8677685950413224,1.3016528925619837,0.4338842975206612,1.0,0.8823529411764706,1.3235294117647058,1,2,2,110,1,3.0,1.0
1,0.8677685950413224,1.3016528925619837,0.4338842975206612,1.0,0.8802588996763754,1.3203883495145632,1,2,1,110,1,3.0,1.0
1,0.8677685950413224,1.3016528925619837,0.4338842975206612,1.0,0.8782051282051283,1.3173076923076923,1,2,1,110,1,3.0,1.0
1,0.8,1.6,0.8,1.0,0.7666666666666666,1.5333333333333332,1,1,1,110,0,2.0,1.0
0,0.8677685950413224,0.0,-0.8677685950413224,1.0,0.8846153846153847,0.0,1,2,1,110,1,0.0,-2.0
0,0.8677685950413224,0.4338842975206612,-0.4338842975206612,1.0,0.888178913738019,0.4440894568690095,0,2,2,110,1,1.0,-1.0
0,0.8677685950413224,0.4338842975206612,-0.4338842975206612,1.0,0.89171974522293,0.445859872611465,0,2,1,110,1,1.0,-1.0
0,0.8677685950413224,0.4338842975206612,-0.4338842975206612,1.0,0.8952380952380953,0.44761904761904764,0,2,2,110,1,1.0,-1.0
1,0.8677685950413224,1.3016528925619837,0.4338842975206612,1.0,0.8930817610062892,1.3396226415094339,0,2,1,110,1,3.0,1.0
1,0.8,1.6,0.8,1.0,0.7608695652173914,1.5217391304347827,1,1,1,110,0,2.0,1.0
1,0.8677685950413224,1.7355371900826448,0.8677685950413224,1.0,0.8881987577639752,1.7763975155279503,1,2,1,110,1,4.0,2.0
0,0.8,0.0,-0.8,1.0,0.7717391304347826,0.0,1,1,2,110,0,0.0,-1.0
0,0.8677685950413224,0.8677685950413224,0.0,1.0,0.8888888888888888,0.8888888888888888,0,2,1,110,1,2.0,0.0
1,0.8677685950413224,1.7355371900826448,0.8677685950413224,1.0,0.8841463414634146,1.7682926829268293,0,2,1,110,1,4.0,2.0
1,0.8677685950413224,1.3016528925619837,0.4338842975206612,1.0,0.8821752265861027,1.3232628398791542,1,2,1,110,1,3.0,1.0
0,0.8677685950413224,0.4338842975206612,-0.4338842975206612,1.0,0.8855421686746988,0.4427710843373494,1,2,2,110,1,1.0,-1.0
0,0.8677685950413224,0.8677685950413224,0.0,1.0,0.8862275449101797,0.8862275449101797,0,2,1,110,1,2.0,0.0
0,0.8677685950413224,0.4338842975206612,-0.4338842975206612,1.0,0.8895522388059701,0.44477611940298506,0,2,2,110,1,1.0,-1.0
1,0.8677685950413224,1.7355371900826448,0.8677685950413224,1.0,0.8849557522123894,1.7699115044247788,0,2,1,110,1,4.0,2.0
0,0.8,1.6,0.8,1.0,0.7659574468085106,1.5319148936170213,1,1,2,110,0,2.0,1.0
0,0.8,0.0,-0.8,1.0,0.776595744680851,0.0,0,1,1,110,0,0.0,-1.0
1,0.8677685950413224,1.3016528925619837,0.4338842975206612,1.0,0.8830409356725146,1.3245614035087718,0,2,2,110,1,3.0,1.0
0,0.8677685950413224,0.8677685950413224,0.0,1.0,0.8837209302325582,0.8837209302325582,1,2,1,110,1,2.0,0.0
0,0.8677685950413224,0.4338842975206612,-0.4338842975206612,1.0,0.8869565217391304,0.4434782608695652,0,2,1,110,1,1.0,-1.0
1,0.8,1.6,0.8,1.0,0.7708333333333333,1.5416666666666665,0,1,1,110,0,2.0,1.0
1,0.8677685950413224,1.3016528925619837,0.4338842975206612,1.0,0.8850574712643677,1.3275862068965516,1,2,2,110,1,3.0,1.0
1,0.8677685950413224,1.3016528925619837,0.4338842975206612,1.0,0.8831908831908831,1.3247863247863247,1,2,2,110,1,3.0,1.0
0,0.8,0.0,-0.8,1.0,0.78125,0.0,1,1,2,110,0,0.0,-1.0
0,0.8677685950413224,0.4338842975206612,-0.4338842975206612,1.0,0.8863636363636364,0.4431818181818182,0,2,1,110,1,1.0,-1.0
0,0.8,0.8,0.0,1.0,0.7835051546391752,0.7835051546391752,0,1,2,110,0,1.0,0.0
0,0.8,0.0,-0.8,1.0,0.7938144329896907,0.0,0,1,2,110,0,0.0,-1.0
1,0.8677685950413224,1.3016528925619837,0.4338842975206612,1.0,0.8845070422535211,1.3267605633802817,0,2,2,110,1,3.0,1.0
0,0.8677685950413224,0.0,-0.8677685950413224,1.0,0.8901408450704226,0.0,1,2,2,110,1,0.0,-2.0
0,0.8677685950413224,0.4338842975206612,-0.4338842975206612,1.0,0.8932584269662922,0.4466292134831461,0,2,2,110,1,1.0,-1.0
1,0.8677685950413224,1.7355371900826448,0.8677685950413224,1.0,0.8888888888888888,1.7777777777777777,0,2,1,110,1,4.0,2.0
1,0.8677685950413224,1.3016528925619837,0.4338842975206612,1.0,0.8870523415977962,1.3305785123966942,1,2,2,110,1,3.0,1.0
0,0.8677685950413224,0.8677685950413224,0.0,1.0,0.8876712328767125,0.8876712328767125,1,2,1,110,1,2.0,0.0
1,0.8677685950413224,1.3016528925619837,0.4338842975206612,1.0,0.8858695652173914,1.3288043478260871,0,2,1,110,1,3.0,1.0
1,0.8677685950413224,1.7355371900826448,0.8677685950413224,1.0,0.881720430107527,1.763440860215054,1,2,2,110,1,4.0,2.0
0,0.8677685950413224,0.4338842975206612,-0.4338842975206612,1.0,0.8847184986595173,0.4423592493297587,1,2,1,110,1,1.0,-1.0
1,0.8,1.6,0.8,1.0,0.787878787878788,1.575757575757576,0,1,1,110,0,2.0,1.0
1,0.8,0.8,0.0,1.0,0.7899999999999999,0.7899999999999999,1,1,2,110,0,1.0,0.0
0,0.8677685950413224,0.8677685950413224,0.0,1.0,0.8853333333333333,0.8853333333333333,1,2,2,110,1,2.0,0.0
0,0.8677685950413224,0.0,-0.8677685950413224,1.0,0.8906666666666666,0.0,0,2,1,110,1,0.0,-2.0
1,0.8677685950413224,1.3016528925619837,0.4338842975206612,1.0,0.8888888888888888,1.3333333333333333,0,2,2,110,1,3.0,1.0
0,0.8,0.0,-0.8,1.0,0.8,0.0,1,1,1,110,0,0.0,-1.0
1,0.8677685950413224,1.3016528925619837,0.4338842975206612,1.0,0.8871391076115485,1.3307086614173227,100,2,1,110,1,3.0,1.0
0,0.8677685950413224,0.4338842975206612,-0.4338842975206612,1.0,0.8900523560209425,0.44502617801047123,1,2,1,110,1,1.0,-1.0
1,0.8,1.6,0.8,1.0,0.7941176470588235,1.588235294117647,0,1,2,110,0,2.0,1.0
1,0.8677685950413224,1.3016528925619837,0.4338842975206612,1.0,0.8883116883116883,1.3324675324675324,1,2,1,110,1,3.0,1.0
1,0.8677685950413224,1.7355371900826448,0.8677685950413224,1.0,0.884318766066838,1.768637532133676,1,2,2,110,1,4.0,2.0
0,0.8,0.0,-0.8,1.0,0.803921568627451,0.0,1,1,1,110,0,0.0,-1.0
1,0.8677685950413224,0.8677685950413224,0.0,1.0,0.8849104859335039,0.8849104859335039,0,2,2,110,1,2.0,0.0
1,0.8,1.6,0.8,1.0,0.798076923076923,1.596153846153846,1,1,1,110,0,2.0,1.0
1,0.8677685950413224,1.3016528925619837,0.4338842975206612,1.0,0.883248730964467,1.3248730964467006,1,2,2,110,1,3.0,1.0
1,0.8,1.6,0.8,1.0,0.7924528301886793,1.5849056603773586,1,1,2,110,0,2.0,1.0
1,0.8,2.4,1.6,1.0,0.7798165137614679,2.3394495412844036,1,1,1,110,0,3.0,2.0
0,0.8,0.0,-0.8,1.0,0.7889908256880733,0.0,1,1,1,110,0,0.0,-1.0
0,0.8677685950413224,0.4338842975206612,-0.4338842975206612,1.0,0.8860759493670887,0.44303797468354433,0,2,2,110,1,1.0,-1.0
1,0.8677685950413224,0.8677685950413224,0.0,1.0,0.8866498740554155,0.8866498740554155,0,2,2,110,1,2.0,0.0
1,0.8677685950413224,1.3016528925619837,0.4338842975206612,1.0,0.885,1.3275,1,2,1,110,1,3.0,1.0
0,0.8677685950413224,0.4338842975206612,-0.4338842975206612,1.0,0.887780548628429,0.4438902743142145,1,2,2,110,1,1.0,-1.0
1,0.8677685950413224,0.8677685950413224,0.0,1.0,0.8883374689826302,0.8883374689826302,0,2,1,110,1,2.0,0.0
1,0.8677685950413224,1.3016528925619837,0.4338842975206612,1.0,0.8866995073891626,1.3300492610837438,1,2,2,110,1,3.0,1.0
1,0.8,2.4,1.6,1.0,0.7767857142857143,2.330357142857143,1,1,2,110,0,3.0,2.0
1,0.8677685950413224,1.3016528925619837,0.4338842975206612,1.0,0.8850855745721272,1.3276283618581908,1,2,1,110,1,3.0,1.0
1,0.8677685950413224,1.7355371900826448,0.8677685950413224,1.0,0.8813559322033898,1.7627118644067796,1,2,2,110,1,4.0,2.0
1,0.8677685950413224,1.7355371900826448,0.8677685950413224,1.0,0.8776978417266187,1.7553956834532374,1,2,2,110,1,4.0,2.0
0,0.8,0.0,-0.8,1.0,0.7857142857142857,0.0,1,1,2,110,0,0.0,-1.0
0,0.8,0.0,-0.8,1.0,0.7946428571428572,0.0,0,1,2,110,0,0.0,-1.0
1,0.8677685950413224,1.3016528925619837,0.4338842975206612,1.0,0.8761904761904762,1.3142857142857143,0,2,2,110,1,3.0,1.0
1,0.8677685950413224,1.3016528925619837,0.4338842975206612,1.0,0.8747044917257683,1.3120567375886525,1,2,1,110,1,3.0,1.0
0,0.8677685950413224,0.8677685950413224,0.0,1.0,0.8752941176470588,0.8752941176470588,1,2,1,110,1,2.0,0.0
1,0.8677685950413224,2.6033057851239674,1.7355371900826448,1.0,0.8677494199535963,2.603248259860789,0,2,1,110,1,6.0,4.0
1,0.8677685950413224,1.3016528925619837,0.4338842975206612,1.0,0.8663594470046083,1.2995391705069124,1,2,2,110,1,3.0,1.0
0,0.8,0.8,0.0,1.0,0.7964601769911505,0.7964601769911505,1,1,2,110,0,1.0,0.0
0,0.8,0.8,0.0,1.0,0.7982456140350878,0.7982456140350878,0,1,2,110,0,1.0,0.0
0,0.8,0.0,-0.8,1.0,0.8070175438596492,0.0,0,1,1,110,0,0.0,-1.0
1,0.8,1.6,0.8,1.0,0.8017241379310345,1.603448275862069,0,1,2,110,0,2.0,1.0
1,0.8677685950413224,1.7355371900826448,0.8677685950413224,1.0,0.8630136986301369,1.7260273972602738,1,2,1,110,1,4.0,2.0
1,0.8677685950413224,1.3016528925619837,0.4338842975206612,1.0,0.8616780045351474,1.2925170068027212,1,2,1,110,1,3.0,1.0
0,0.8677685950413224,0.0,-0.8677685950413224,1.0,0.8662131519274376,0.0,1,2,1,110,1,0.0,-2.0
0,0.8677685950413224,0.4338842975206612,-0.4338842975206612,1.0,0.8687782805429863,0.43438914027149317,0,2,2,110,1,1.0,-1.0
1,0.8677685950413224,2.169421487603306,1.3016528925619837,1.0,0.8635346756152126,2.1588366890380315,0,2,1,110,1,5.0,3.0
0,0.8677685950413224,0.4338842975206612,-0.4338842975206612,1.0,0.8660714285714286,0.4330357142857143,1,2,1,110,1,1.0,-1.0
0,0.8677685950413224,0.8677685950413224,0.0,1.0,0.8666666666666667,0.8666666666666667,0,2,1,110,1,2.0,0.0
0,0.8,0.8,0.0,1.0,0.8034188034188033,0.8034188034188033,0,1,1,110,0,1.0,0.0
1,0.8677685950413224,1.3016528925619837,0.4338842975206612,1.0,0.8653421633554085,1.2980132450331128,0,2,1,110,1,3.0,1.0
0,0.8,0.0,-0.8,1.0,0.811965811965812,0.0,1,1,2,110,0,0.0,-1.0
1,0.8,1.6,0.8,1.0,0.8067226890756303,1.6134453781512605,0,1,2,110,0,2.0,1.0
1,0.8677685950413224,1.7355371900826448,0.8677685950413224,1.0,0.862144420131291,1.724288840262582,1,2,2,110,1,4.0,2.0
1,0.8,1.6,0.8,1.0,0.8016528925619835,1.603305785123967,1,1,2,110,0,2.0,1.0
0,0.8677685950413224,0.0,-0.8677685950413224,1.0,0.8665207877461707,0.0,1,2,2,110,1,0.0,-2.0
0,0.8677685950413224,0.4338842975206612,-0.4338842975206612,1.0,0.868995633187773,0.4344978165938865,0,2,2,110,1,1.0,-1.0
1,0.8677685950413224,1.3016528925619837,0.4338842975206612,1.0,0.8676789587852494,1.3015184381778742,0,2,2,110,1,3.0,1.0
0,0.8677685950413224,0.8677685950413224,0.0,1.0,0.8682505399568035,0.8682505399568035,1,2,2,110,1,2.0,0.0
0,0.8,0.8,0.0,1.0,0.8032786885245902,0.8032786885245902,0,1,1,110,0,1.0,0.0
1,0.8677685950413224,0.8677685950413224,0.0,1.0,0.8688172043010753,0.8688172043010753,0,2,2,110,1,2.0,0.0
1,0.8677685950413224,1.7355371900826448,0.8677685950413224,1.0,0.8656716417910448,1.7313432835820897,1,2,2,110,1,4.0,2.0
1,0.8677685950413224,0.8677685950413224,0.0,1.0,0.8662420382165605,0.8662420382165605,1,2,2,110,1,2.0,0.0
0,0.8677685950413224,0.8677685950413224,0.0,1.0,0.8668076109936576,0.8668076109936576,1,2,2,110,1,2.0,0.0
1,0.8,1.6,0.8,1.0,0.7983870967741935,1.596774193548387,0,1,1,110,0,2.0,1.0
1,0.8677685950413224,1.3016528925619837,0.4338842975206612,1.0,0.865546218487395,1.2983193277310925,1,2,2,110,1,3.0,1.0
0,0.8677685950413224,0.4338842975206612,-0.4338842975206612,1.0,0.8679245283018868,0.4339622641509434,1,2,1,110,1,1.0,-1.0
0,0.8677685950413224,0.0,-0.8677685950413224,1.0,0.8721174004192872,0.0,0,2,1,110,1,0.0,-2.0
1,0.8677685950413224,1.7355371900826448,0.8677685950413224,1.0,0.869022869022869,1.738045738045738,0,2,2,110,1,4.0,2.0
1,0.8,0.8,0.0,1.0,0.8,0.8,1,1,2,110,0,1.0,0.0
1,0.8677685950413224,1.3016528925619837,0.4338842975206612,1.0,0.8677685950413224,1.3016528925619837,1,2,2,110,1,3.0,1.0
1,0.9438202247191011,1.8876404494382022,0.9438202247191011,2.0,0.5,1.0,100,2,1,110,1,4.0,2.0
1,0.9090909090909091,1.8181818181818181,0.9090909090909091,2.0,0.5,1.0,1,1,2,110,0,2.0,1.0
0,0.9438202247191011,0.0,-0.9438202247191011,2.0,1.0,0.0,1,2,1,110,1,0.0,-2.0
0,0.9438202247191011,0.47191011235955055,-0.47191011235955055,2.0,1.2,0.6,0,2,2,110,1,1.0,-1.0
0,0.9090909090909091,0.0,-0.9090909090909091,2.0,1.0,0.0,0,1,2,110,0,0.0,-1.0
0,0.9090909090909091,0.9090909090909091,0.0,2.0,1.0,1.0,0,1,1,110,0,1.0,0.0
0,0.9438202247191011,0.47191011235955055,-0.47191011235955055,2.0,1.3333333333333333,0.6666666666666666,0,2,1,110,1,1.0,-1.0
0,0.9438202247191011,0.9438202247191011,0.0,2.0,1.25,1.25,0,2,1,110,1,2.0,0.0
1,0.9438202247191011,1.4157303370786516,0.47191011235955055,2.0,1.090909090909091,1.6363636363636365,0,2,2,110,1,3.0,1.0
0,0.9438202247191011,0.47191011235955055,-0.47191011235955055,2.0,1.1666666666666667,0.5833333333333334,1,2,2,110,1,1.0,-1.0
0,0.9438202247191011,0.47191011235955055,-0.47191011235955055,2.0,1.2307692307692308,0.6153846153846154,0,2,1,110,1,1.0,-1.0
1,0.9090909090909091,1.8181818181818181,0.9090909090909091,2.0,0.8,1.6,0,1,2,110,0,2.0,1.0
1,0.9438202247191011,1.4157303370786516,0.47191011235955055,2.0,1.125,1.6875,1,2,2,110,1,3.0,1.0
1,0.9438202247191011,0.9438202247191011,0.0,2.0,1.1111111111111112,1.1111111111111112,1,2,1,110,1,2.0,0.0
0,0.9090909090909091,0.0,-0.9090909090909091,2.0,1.0,0.0,1,1,2,110,0,0.0,-1.0
0,0.9090909090909091,0.9090909090909091,0.0,2.0,1.0,1.0,0,1,1,110,0,1.0,0.0
0,0.9438202247191011,0.47191011235955055,-0.47191011235955055,2.0,1.1578947368421053,0.5789473684210527,0,2,2,110,1,1.0,-1.0
0,0.9438202247191011,0.47191011235955055,-0.47191011235955055,2.0,1.2,0.6,0,2,1,110,1,1.0,-1.0
0,0.9438202247191011,0.47191011235955055,-0.47191011235955055,2.0,1.2380952380952381,0.6190476190476191,0,2,1,110,1,1.0,-1.0
0,0.9438202247191011,0.47191011235955055,-0.47191011235955055,2.0,1.2727272727272727,0.6363636363636364,0,2,1,110,1,1.0,-1.0
0,0.9438202247191011,0.9438202247191011,0.0,2.0,1.25,1.25,0,2,1,110,1,2.0,0.0
1,0.9438202247191011,0.47191011235955055,-0.47191011235955055,2.0,1.28,0.64,0,2,2,110,1,1.0,-1.0
0,0.9438202247191011,0.9438202247191011,0.0,2.0,1.2592592592592593,1.2592592592592593,1,2,1,110,1,2.0,0.0
1,0.9090909090909091,0.9090909090909091,0.0,2.0,1.0,1.0,0,1,2,110,0,1.0,0.0
1,0.9438202247191011,0.9438202247191011,0.0,2.0,1.2413793103448276,1.2413793103448276,1,2,1,110,1,2.0,0.0
1,0.9090909090909091,0.9090909090909091,0.0,2.0,1.0,1.0,1,1,1,110,0,1.0,0.0
0,0.9438202247191011,0.47191011235955055,-0.47191011235955055,2.0,1.2666666666666666,0.6333333333333333,1,2,1,110,1,1.0,-1.0
1,0.9438202247191011,1.8876404494382022,0.9438202247191011,2.0,1.1764705882352942,2.3529411764705883,0,2,2,110,1,4.0,2.0
1,0.9438202247191011,2.359550561797753,1.4157303370786516,2.0,1.0769230769230769,2.692307692307692,1,2,1,110,1,5.0,3.0
0,0.9090909090909091,0.0,-0.9090909090909091,2.0,1.125,0.0,1,1,1,110,0,0.0,-1.0
1,0.9438202247191011,1.8876404494382022,0.9438202247191011,2.0,1.0232558139534884,2.046511627906977,0,2,1,110,1,4.0,2.0
0,0.9090909090909091,0.0,-0.9090909090909091,2.0,1.25,0.0,1,1,2,110,0,0.0,-1.0
1,0.9438202247191011,1.4157303370786516,0.47191011235955055,2.0,1.0,1.5,0,2,1,110,1,3.0,1.0
0,0.9090909090909091,0.0,-0.9090909090909091,2.0,1.375,0.0,1,1,2,110,0,0.0,-1.0
1,0.9438202247191011,0.9438202247191011,0.0,2.0,1.0,1.0,0,2,1,110,1,2.0,0.0
0,0.9090909090909091,0.9090909090909091,0.0,2.0,1.3333333333333333,1.3333333333333333,1,1,2,110,0,1.0,0.0
0,0.9438202247191011,0.47191011235955055,-0.47191011235955055,2.0,1.0204081632653061,0.5102040816326531,0,2,1,110,1,1.0,-1.0
1,0.9438202247191011,1.8876404494382022,0.9438202247191011,2.0,0.9811320754716982,1.9622641509433965,0,2,2,110,1,4.0,2.0
1,0.9090909090909091,2.727272727272727,1.8181818181818181,2.0,1.0833333333333333,3.25,1,1,1,110,0,3.0,2.0
1,0.9438202247191011,1.8876404494382022,0.9438202247191011,2.0,0.9473684210526315,1.894736842105263,1,2,1,110,1,4.0,2.0
0,0.9438202247191011,0.47191011235955055,-0.47191011235955055,2.0,0.9655172413793103,0.48275862068965514,1,2,1,110,1,1.0,-1.0
1,0.9438202247191011,1.4157303370786516,0.47191011235955055,2.0,0.9508196721311476,1.4262295081967213,0,2,2,110,1,3.0,1.0
1,0.9090909090909091,1.8181818181818181,0.9090909090909091,2.0,1.0,2.0,1,1,2,110,0,2.0,1.0
1,0.9438202247191011,1.8876404494382022,0.9438202247191011,2.0,0.9230769230769231,1.8461538461538463,1,2,2,110,1,4.0,2.0
0,0.9090909090909091,0.0,-0.9090909090909091,2.0,1.0714285714285714,0.0,1,1,1,110,0,0.0,-1.0
1,0.9090909090909091,1.8181818181818181,0.9090909090909091,2.0,1.0,2.0,0,1,2,110,0,2.0,1.0
1,0.9438202247191011,0.9438202247191011,0.0,2.0,0.9253731343283582,0.9253731343283582,1,2,2,110,1,2.0,0.0
0,0.9438202247191011,0.9438202247191011,0.0,2.0,0.927536231884058,0.927536231884058,1,2,2,110,1,2.0,0.0
1,0.9090909090909091,1.8181818181818181,0.9090909090909091,2.0,0.9444444444444444,1.8888888888888888,0,1,2,110,0,2.0,1.0
1,0.9438202247191011,1.8876404494382022,0.9438202247191011,2.0,0.904109589041096,1.808219178082192,1,2,2,110,1,4.0,2.0
1,0.9438202247191011,2.359550561797753,1.4157303370786516,2.0,0.8717948717948718,2.1794871794871797,1,2,1,110,1,5.0,3.0
0,0.9438202247191011,0.9438202247191011,0.0,2.0,0.875,0.875,1,2,2,110,1,2.0,0.0
1,0.9438202247191011,0.9438202247191011,0.0,2.0,0.8780487804878049,0.8780487804878049,0,2,1,110,1,2.0,0.0
1,0.9438202247191011,0.9438202247191011,0.0,2.0,0.880952380952381,0.880952380952381,1,2,1,110,1,2.0,0.0
0,0.9090909090909091,0.9090909090909091,0.0,2.0,0.9473684210526315,0.9473684210526315,1,1,2,110,0,1.0,0.0
1,0.9438202247191011,0.9438202247191011,0.0,2.0,0.8837209302325582,0.8837209302325582,0,2,1,110,1,2.0,0.0
0,0.9438202247191011,0.47191011235955055,-0.47191011235955055,2.0,0.896551724137931,0.4482758620689655,1,2,1,110,1,1.0,-1.0
1,0.9090909090909091,1.8181818181818181,0.9090909090909091,2.0,0.9047619047619047,1.8095238095238093,0,1,2,110,0,2.0,1.0
0,0.9438202247191011,0.47191011235955055,-0.47191011235955055,2.0,0.9090909090909091,0.45454545454545453,1,2,2,110,1,1.0,-1.0
0,0.9438202247191011,0.47191011235955055,-0.47191011235955055,2.0,0.9213483146067415,0.46067415730337075,0,2,1,110,1,1.0,-1.0
0,0.9438202247191011,0.47191011235955055,-0.47191011235955055,2.0,0.9333333333333333,0.4666666666666667,0,2,2,110,1,1.0,-1.0
0,0.9090909090909091,0.9090909090909091,0.0,2.0,0.9090909090909091,0.9090909090909091,0,1,1,110,0,1.0,0.0
1,0.9438202247191011,0.9438202247191011,0.0,2.0,0.9347826086956522,0.9347826086956522,100,2,1,110,1,2.0,0.0
1,0.9438202247191011,0.9438202247191011,0.0,2.0,0.9361702127659575,0.9361702127659575,1,2,1,110,1,2.0,0.0
1,0.9090909090909091,2.727272727272727,1.8181818181818181,2.0,0.84,2.52,1,1,2,110,0,3.0,2.0
0,0.9438202247191011,0.0,-0.9438202247191011,2.0,0.9574468085106382,0.0,1,2,1,110,1,0.0,-2.0
0,0.9090909090909091,0.9090909090909091,0.0,2.0,0.8461538461538461,0.8461538461538461,0,1,2,110,0,1.0,0.0
0,0.9438202247191011,0.0,-0.9438202247191011,2.0,0.978723404255319,0.0,0,2,1,110,1,0.0,-2.0
1,0.9438202247191011,1.4157303370786516,0.47191011235955055,2.0,0.9690721649484536,1.4536082474226804,0,2,2,110,1,3.0,1.0
0,0.9090909090909091,0.0,-0.9090909090909091,2.0,0.8846153846153847,0.0,1,1,1,110,0,0.0,-1.0
1,0.9438202247191011,0.9438202247191011,0.0,2.0,0.9696969696969697,0.9696969696969697,0,2,2,110,1,2.0,0.0
1,0.9438202247191011,0.9438202247191011,0.0,2.0,0.9702970297029704,0.9702970297029704,1,2,2,110,1,2.0,0.0
1,0.9438202247191011,1.4157303370786516,0.47191011235955055,2.0,0.9615384615384615,1.4423076923076923,1,2,1,110,1,3.0,1.0
1,0.9090909090909091,1.8181818181818181,0.9090909090909091,2.0,0.8571428571428571,1.7142857142857142,1,1,1,110,0,2.0,1.0
1,0.9438202247191011,1.4157303370786516,0.47191011235955055,2.0,0.9532710280373832,1.4299065420560746,1,2,2,110,1,3.0,1.0
0,0.9090909090909091,0.0,-0.9090909090909091,2.0,0.8928571428571428,0.0,1,1,2,110,0,0.0,-1.0
0,0.9090909090909091,0.9090909090909091,0.0,2.0,0.896551724137931,0.896551724137931,0,1,1,110,0,1.0,0.0
1,0.9438202247191011,0.9438202247191011,0.0,2.0,0.9541284403669724,0.9541284403669724,0,2,2,110,1,2.0,0.0
1,0.9090909090909091,1.8181818181818181,0.9090909090909091,2.0,0.8709677419354839,1.7419354838709677,1,1,1,110,0,2.0,1.0
0,0.9090909090909091,0.9090909090909091,0.0,2.0,0.875,0.875,1,1,2,110,0,1.0,0.0
0,0.9438202247191011,0.0,-0.9438202247191011,2.0,0.9724770642201834,0.0,0,2,2,110,1,0.0,-2.0
0,0.9438202247191011,0.47191011235955055,-0.47191011235955055,2.0,0.9818181818181817,0.49090909090909085,0,2,1,110,1,1.0,-1.0
0,0.9090909090909091,0.9090909090909091,0.0,2.0,0.8787878787878788,0.8787878787878788,0,1,2,110,0,1.0,0.0
0,0.9438202247191011,0.9438202247191011,0.0,2.0,0.9821428571428572,0.9821428571428572,0,2,2,110,1,2.0,0.0
0,0.9438202247191011,0.47191011235955055,-0.47191011235955055,2.0,0.9911504424778761,0.49557522123893805,0,2,2,110,1,1.0,-1.0
0,0.9090909090909091,0.9090909090909091,0.0,2.0,0.8823529411764706,0.8823529411764706,0,1,2,110,0,1.0,0.0
0,0.9438202247191011,0.9438202247191011,0.0,2.0,0.9913043478260869,0.9913043478260869,0,2,2,110,1,2.0,0.0
0,0.9438202247191011,0.47191011235955055,-0.47191011235955055,2.0,1.0,0.5,0,2,1,110,1,1.0,-1.0
0,0.9438202247191011,0.47191011235955055,-0.47191011235955055,2.0,1.0085470085470085,0.5042735042735043,0,2,1,110,1,1.0,-1.0
0,0.9438202247191011,0.47191011235955055,-0.47191011235955055,2.0,1.0169491525423728,0.5084745762711864,0,2,1,110,1,1.0,-1.0
1,0.9090909090909091,1.8181818181818181,0.9090909090909091,2.0,0.861111111111111,1.722222222222222,0,1,2,110,0,2.0,1.0
1,0.9438202247191011,0.9438202247191011,0.0,2.0,1.0166666666666666,1.0166666666666666,1,2,2,110,1,2.0,0.0
1,0.9438202247191011,0.9438202247191011,0.0,2.0,1.0163934426229508,1.0163934426229508,1,2,2,110,1,2.0,0.0
1,0.9438202247191011,0.9438202247191011,0.0,2.0,1.0161290322580645,1.0161290322580645,1,2,1,110,1,2.0,0.0
0,0.9438202247191011,0.0,-0.9438202247191011,2.0,1.032258064516129,0.0,1,2,2,110,1,0.0,-2.0
0,0.9090909090909091,0.0,-0.9090909090909091,2.0,0.8888888888888888,0.0,0,1,1,110,0,0.0,-1.0
0,0.9438202247191011,0.47191011235955055,-0.47191011235955055,2.0,1.04,0.52,0,2,1,110,1,1.0,-1.0
1,0.9090909090909091,1.8181818181818181,0.9090909090909091,2.0,0.8684210526315789,1.7368421052631577,0,1,1,110,0,2.0,1.0
0,0.9438202247191011,0.0,-0.9438202247191011,2.0,1.056,0.0,1,2,2,110,1,0.0,-2.0
1,0.9438202247191011,1.8876404494382022,0.9438202247191011,2.0,1.0387596899224807,2.0775193798449614,0,2,1,110,1,4.0,2.0
0,0.9090909090909091,0.0,-0.9090909090909091,2.0,0.8947368421052632,0.0,1,1,1,110,0,0.0,-1.0
0,0.9438202247191011,0.0,-0.9438202247191011,2.0,1.054263565891473,0.0,0,2,1,110,1,0.0,-2.0
1,0.9438202247191011,0.9438202247191011,0.0,2.0,1.0534351145038168,1.0534351145038168,0,2,1,110,1,2.0,0.0
0,0.9438202247191011,0.9438202247191011,0.0,2.0,1.0526315789473684,1.0526315789473684,1,2,1,110,1,2.0,0.0
1,0.9090909090909091,1.8181818181818181,0.9090909090909091,2.0,0.875,1.75,0,1,2,110,0,2.0,1.0
1,0.9438202247191011,1.4157303370786516,0.47191011235955055,2.0,1.0441176470588236,1.5661764705882353,1,2,2,110,1,3.0,1.0
1,0.9438202247191011,0.9438202247191011,0.0,2.0,1.0434782608695652,1.0434782608695652,1,2,2,110,1,2.0,0.0
0,0.9090909090909091,0.9090909090909091,0.0,2.0,0.8780487804878049,0.8780487804878049,1,1,2,110,0,1.0,0.0
0,0.9438202247191011,0.47191011235955055,-0.47191011235955055,2.0,1.0503597122302157,0.5251798561151079,0,2,2,110,1,1.0,-1.0
1,0.9090909090909091,1.8181818181818181,0.9090909090909091,2.0,0.8604651162790699,1.7209302325581397,0,1,2,110,0,2.0,1.0
1,0.9438202247191011,1.4157303370786516,0.47191011235955055,2.0,1.0422535211267605,1.563380281690141,1,2,2,110,1,3.0,1.0
0,0.9438202247191011,0.0,-0.9438202247191011,2.0,1.056338028169014,0.0,1,2,2,110,1,0.0,-2.0
0,0.9090909090909091,0.0,-0.9090909090909091,2.0,0.8837209302325582,0.0,0,1,1,110,0,0.0,-1.0
1,0.9438202247191011,0.9438202247191011,0.0,2.0,1.0555555555555556,1.0555555555555556,0,2,2,110,1,2.0,0.0
1,0.9438202247191011,1.4157303370786516,0.47191011235955055,2.0,1.0476190476190477,1.5714285714285714,1,2,2,110,1,3.0,1.0
1,0.9438202247191011,1.4157303370786516,0.47191011235955055,2.0,1.04,1.56,1,2,2,110,1,3.0,1.0
1,0.9438202247191011,1.4157303370786516,0.47191011235955055,2.0,1.0326797385620914,1.549019607843137,1,2,2,110,1,3.0,1.0
1,0.9438202247191011,1.4157303370786516,0.47191011235955055,2.0,1.0256410256410258,1.5384615384615385,1,2,1,110,1,3.0,1.0
1,0.9438202247191011,1.8876404494382022,0.9438202247191011,2.0,1.0125,2.025,1,2,2,110,1,4.0,2.0
0,0.9090909090909091,0.9090909090909091,0.0,2.0,0.8863636363636364,0.8863636363636364,1,1,1,110,0,1.0,0.0
0,0.9438202247191011,0.9438202247191011,0.0,2.0,1.0123456790123457,1.0123456790123457,0,2,1,110,1,2.0,0.0
1,0.9438202247191011,1.4157303370786516,0.47191011235955055,2.0,1.006060606060606,1.509090909090909,0,2,2,110,1,3.0,1.0
0,0.9090909090909091,0.0,-0.9090909090909091,2.0,0.9090909090909091,0.0,1,1,2,110,0,0.0,-1.0
1,0.9438202247191011,1.4157303370786516,0.47191011235955055,2.0,1.0,1.5,0,2,2,110,1,3.0,1.0
1,0.9438202247191011,0.9438202247191011,0.0,2.0,1.0,1.0,100,2,2,110,1,2.0,0.0
0,0.9438202247191011,0.0,-0.9438202247191011,2.0,1.011764705882353,0.0,1,2,2,110,1,0.0,-2.0
1,0.9438202247191011,1.4157303370786516,0.47191011235955055,2.0,1.0057803468208093,1.5086705202312138,0,2,2,110,1,3.0,1.0
1,0.9090909090909091,1.8181818181818181,0.9090909090909091,2.0,0.8913043478260869,1.7826086956521738,1,1,2,110,0,2.0,1.0
0,0.9438202247191011,0.9438202247191011,0.0,2.0,1.0057142857142858,1.0057142857142858,1,2,2,110,1,2.0,0.0
1,0.9438202247191011,0.9438202247191011,0.0,2.0,1.0056497175141244,1.0056497175141244,0,2,2,110,1,2.0,0.0
0,0.9438202247191011,0.47191011235955055,-0.47191011235955055,2.0,1.0112359550561798,0.5056179775280899,1,2,1,110,1,1.0,-1.0
0,0.9438202247191011,0.47191011235955055,-0.47191011235955055,2.0,1.016759776536313,0.5083798882681565,0,2,1,110,1,1.0,-1.0
1,0.9438202247191011,0.9438202247191011,0.0,2.0,1.0165745856353592,1.0165745856353592,0,2,1,110,1,2.0,0.0
0,0.9090909090909091,0.0,-0.9090909090909091,2.0,0.9130434782608695,0.0,1,1,1,110,0,0.0,-1.0
0,0.9090909090909091,0.0,-0.9090909090909091,2.0,0.9347826086956522,0.0,0,1,2,110,0,0.0,-1.0
0,0.9438202247191011,0.9438202247191011,0.0,2.0,1.0163934426229508,1.0163934426229508,0,2,1,110,1,2.0,0.0
1,0.9438202247191011,1.8876404494382022,0.9438202247191011,2.0,1.0053475935828877,2.0106951871657754,0,2,1,110,1,4.0,2.0
0,0.9090909090909091,1.8181818181818181,0.9090909090909091,2.0,0.9166666666666667,1.8333333333333335,1,1,1,110,0,2.0,1.0
0,0.9090909090909091,0.0,-0.9090909090909091,2.0,0.9375,0.0,0,1,1,110,0,0.0,-1.0
1,0.9438202247191011,1.8876404494382022,0.9438202247191011,2.0,0.9947643979057591,1.9895287958115182,0,2,2,110,1,4.0,2.0
1,0.9090909090909091,1.8181818181818181,0.9090909090909091,2.0,0.92,1.84,1,1,1,110,0,2.0,1.0
1,0.9090909090909091,0.9090909090909091,0.0,2.0,0.9215686274509804,0.9215686274509804,1,1,2,110,0,1.0,0.0
0,0.9438202247191011,0.0,-0.9438202247191011,2.0,1.0052356020942408,0.0,1,2,2,110,1,0.0,-2.0
1,0.9090909090909091,1.8181818181818181,0.9090909090909091,2.0,0.9056603773584905,1.811320754716981,0,1,2,110,0,2.0,1.0
1,0.9438202247191011,0.9438202247191011,0.0,2.0,1.005181347150259,1.005181347150259,1,2,1,110,1,2.0,0.0
0,0.9438202247191011,0.0,-0.9438202247191011,2.0,1.0155440414507773,0.0,1,2,1,110,1,0.0,-2.0
1,0.9090909090909091,0.9090909090909091,0.0,2.0,0.9074074074074076,0.9074074074074076,0,1,1,110,0,1.0,0.0
0,0.9438202247191011,0.9438202247191011,0.0,2.0,1.0153846153846153,1.0153846153846153,1,2,1,110,1,2.0,0.0
0,0.9438202247191011,0.9438202247191011,0.0,2.0,1.015228426395939,1.015228426395939,0,2,2,110,1,2.0,0.0
0,0.9438202247191011,0.0,-0.9438202247191011,2.0,1.0253807106598984,0.0,0,2,1,110,1,0.0,-2.0
1,0.9438202247191011,1.4157303370786516,0.47191011235955055,2.0,1.02,1.53,0,2,2,110,1,3.0,1.0
0,0.9438202247191011,0.0,-0.9438202247191011,2.0,1.03,0.0,1,2,1,110,1,0.0,-2.0
0,0.9090909090909091,0.9090909090909091,0.0,2.0,0.9090909090909091,0.9090909090909091,0,1,2,110,0,1.0,0.0
0,0.9438202247191011,0.47191011235955055,-0.47191011235955055,2.0,1.0348258706467661,0.5174129353233831,0,2,2,110,1,1.0,-1.0
1,0.9438202247191011,1.4157303370786516,0.47191011235955055,2.0,1.0294117647058825,1.5441176470588236,0,2,2,110,1,3.0,1.0
1,0.9438202247191011,1.8876404494382022,0.9438202247191011,2.0,1.0192307692307692,2.0384615384615383,1,2,2,110,1,4.0,2.0
1,0.9438202247191011,1.8876404494382022,0.9438202247191011,2.0,1.009433962264151,2.018867924528302,1,2,1,110,1,4.0,2.0
1,0.9438202247191011,0.9438202247191011,0.0,2.0,1.0093457943925235,1.0093457943925235,1,2,1,110,1,2.0,0.0
0,0.9090909090909091,0.0,-0.9090909090909091,2.0,0.9272727272727274,0.0,1,1,1,110,0,0.0,-1.0
0,0.9090909090909091,0.9090909090909091,0.0,2.0,0.9285714285714286,0.9285714285714286,0,1,2,110,0,1.0,0.0
1,0.9090909090909091,2.727272727272727,1.8181818181818181,2.0,0.8983050847457628,2.694915254237288,0,1,2,110,0,3.0,2.0
1,0.9438202247191011,1.4157303370786516,0.47191011235955055,2.0,1.0046082949308754,1.5069124423963134,1,2,1,110,1,3.0,1.0
0,0.9090909090909091,0.9090909090909091,0.0,2.0,0.8999999999999999,0.8999999999999999,1,1,1,110,0,1.0,0.0
0,0.9090909090909091,0.9090909090909091,0.0,2.0,0.9016393442622951,0.9016393442622951,0,1,1,110,0,1.0,0.0
1,0.9438202247191011,1.8876404494382022,0.9438202247191011,2.0,0.9954751131221719,1.9909502262443437,0,2,1,110,1,4.0,2.0
1,0.9438202247191011,1.8876404494382022,0.9438202247191011,2.0,0.9866666666666666,1.9733333333333332,1,2,2,110,1,4.0,2.0
0,0.9438202247191011,0.47191011235955055,-0.47191011235955055,2.0,0.9911504424778761,0.49557522123893805,1,2,1,110,1,1.0,-1.0
0,0.9438202247191011,0.9438202247191011,0.0,2.0,0.9912280701754386,0.9912280701754386,0,2,1,110,1,2.0,0.0
0,0.9090909090909091,0.9090909090909091,0.0,2.0,0.9032258064516129,0.9032258064516129,0,1,1,110,0,1.0,0.0
1,0.9438202247191011,0.9438202247191011,0.0,2.0,0.9913043478260869,0.9913043478260869,0,2,2,110,1,2.0,0.0
1,0.9090909090909091,1.8181818181818181,0.9090909090909091,2.0,0.890625,1.78125,1,1,2,110,0,2.0,1.0
1,0.9438202247191011,1.4157303370786516,0.47191011235955055,2.0,0.9871244635193134,1.4806866952789701,1,2,1,110,1,3.0,1.0
1,0.9438202247191011,1.4157303370786516,0.47191011235955055,2.0,0.9830508474576272,1.4745762711864407,1,2,2,110,1,3.0,1.0
1,0.9438202247191011,0.9438202247191011,0.0,2.0,0.9831932773109244,0.9831932773109244,1,2,1,110,1,2.0,0.0
1,0.9438202247191011,1.8876404494382022,0.9438202247191011,2.0,0.975206611570248,1.950413223140496,1,2,2,110,1,4.0,2.0
0,0.9090909090909091,0.0,-0.9090909090909091,2.0,0.90625,0.0,1,1,2,110,0,0.0,-1.0
1,0.9438202247191011,1.4157303370786516,0.47191011235955055,2.0,0.9714285714285715,1.4571428571428573,0,2,2,110,1,3.0,1.0
0,0.9438202247191011,0.0,-0.9438202247191011,2.0,0.979591836734694,0.0,1,2,1,110,1,0.0,-2.0
1,0.9438202247191011,1.4157303370786516,0.47191011235955055,2.0,0.9758064516129034,1.463709677419355,0,2,2,110,1,3.0,1.0
0,0.9090909090909091,0.0,-0.9090909090909091,2.0,0.921875,0.0,1,1,1,110,0,0.0,-1.0
1,0.9438202247191011,1.4157303370786516,0.47191011235955055,2.0,0.9721115537848605,1.4581673306772907,0,2,1,110,1,3.0,1.0
1,0.9090909090909091,1.8181818181818181,0.9090909090909091,2.0,0.9090909090909091,1.8181818181818181,1,1,1,110,0,2.0,1.0
1,0.9438202247191011,2.359550561797753,1.4157303370786516,2.0,0.9609374999999999,2.4023437499999996,1,2,2,110,1,5.0,3.0
1,0.9438202247191011,0.9438202247191011,0.0,2.0,0.9612403100775194,0.9612403100775194,1,2,1,110,1,2.0,0.0
1,0.9438202247191011,0.9438202247191011,0.0,2.0,0.9615384615384615,0.9615384615384615,1,2,1,110,1,2.0,0.0
0,0.9438202247191011,0.47191011235955055,-0.47191011235955055,2.0,0.9655172413793103,0.48275862068965514,1,2,1,110,1,1.0,-1.0
1,0.9438202247191011,0.9438202247191011,0.0,2.0,0.9657794676806084,0.9657794676806084,100,2,1,110,1,2.0,0.0
1,0.9438202247191011,1.4157303370786516,0.47191011235955055,2.0,0.9624060150375939,1.443609022556391,1,2,2,110,1,3.0,1.0
1,0.9090909090909091,2.727272727272727,1.8181818181818181,2.0,0.8840579710144928,2.6521739130434785,1,1,2,110,0,3.0,2.0
1,0.9090909090909091,1.8181818181818181,0.9090909090909091,2.0,0.8732394366197183,1.7464788732394365,1,1,2,110,0,2.0,1.0
1,0.9438202247191011,0.9438202247191011,0.0,2.0,0.962686567164179,0.962686567164179,1,2,2,110,1,2.0,0.0
1,0.9438202247191011,1.4157303370786516,0.47191011235955055,2.0,0.9594095940959408,1.4391143911439113,1,2,1,110,1,3.0,1.0
1,0.9438202247191011,1.4157303370786516,0.47191011235955055,2.0,0.9562043795620437,1.4343065693430657,1,2,2,110,1,3.0,1.0
0,0.9438202247191011,0.9438202247191011,0.0,2.0,0.9565217391304348,0.9565217391304348,1,2,2,110,1,2.0,0.0
0,0.9438202247191011,0.47191011235955055,-0.47191011235955055,2.0,0.9602888086642599,0.48014440433212996,0,2,2,110,1,1.0,-1.0
1,0.9090909090909091,1.8181818181818181,0.9090909090909091,2.0,0.8630136986301369,1.7260273972602738,0,1,1,110,0,2.0,1.0
1,0.9438202247191011,0.9438202247191011,0.0,2.0,0.9605734767025089,0.9605734767025089,1,2,1,110,1,2.0,0.0
0,0.9438202247191011,0.47191011235955055,-0.47191011235955055,2.0,0.9642857142857143,0.48214285714285715,1,2,1,110,1,1.0,-1.0
0,0.9438202247191011,0.0,-0.9438202247191011,2.0,0.9714285714285715,0.0,0,2,2,110,1,0.0,-2.0
0,0.9090909090909091,0.0,-0.9090909090909091,2.0,0.8767123287671232,0.0,0,1,2,110,0,0.0,-1.0
0,0.9090909090909091,0.9090909090909091,0.0,2.0,0.8783783783783784,0.8783783783783784,0,1,2,110,0,1.0,0.0
0,0.9438202247191011,0.0,-0.9438202247191011,2.0,0.9785714285714285,0.0,0,2,1,110,1,0.0,-2.0
0,0.9090909090909091,0.9090909090909091,0.0,2.0,0.8799999999999999,0.8799999999999999,0,1,1,110,0,1.0,0.0
0,0.9438202247191011,0.9438202247191011,0.0,2.0,0.978723404255319,0.978723404255319,0,2,1,110,1,2.0,0.0
0,0.9438202247191011,0.47191011235955055,-0.47191011235955055,2.0,0.9823321554770317,0.49116607773851584,0,2,2,110,1,1.0,-1.0
0,0.9438202247191011,0.47191011235955055,-0.47191011235955055,2.0,0.9859154929577465,0.49295774647887325,0,2,1,110,1,1.0,-1.0
0,0.9090909090909091,0.9090909090909091,0.0,2.0,0.8815789473684211,0.8815789473684211,0,1,1,110,0,1.0,0.0
1,0.9438202247191011,1.8876404494382022,0.9438202247191011,2.0,0.9791666666666667,1.9583333333333335,0,2,2,110,1,4.0,2.0
1,0.9438202247191011,1.4157303370786516,0.47191011235955055,2.0,0.9759450171821306,1.4639175257731958,1,2,1,110,1,3.0,1.0
0,0.9438202247191011,0.9438202247191011,0.0,2.0,0.9761092150170649,0.9761092150170649,1,2,2,110,1,2.0,0.0
0,0.9438202247191011,0.9438202247191011,0.0,2.0,0.9762711864406779,0.9762711864406779,0,2,1,110,1,2.0,0.0
0,0.9090909090909091,0.0,-0.9090909090909091,2.0,0.8947368421052632,0.0,0,1,1,110,0,0.0,-1.0
1,0.9438202247191011,1.4157303370786516,0.47191011235955055,2.0,0.9731543624161073,1.459731543624161,0,2,2,110,1,3.0,1.0
0,0.9090909090909091,0.0,-0.9090909090909091,2.0,0.9078947368421053,0.0,1,1,1,110,0,0.0,-1.0
0,0.9438202247191011,0.47191011235955055,-0.47191011235955055,2.0,0.9765886287625418,0.4882943143812709,0,2,1,110,1,1.0,-1.0
0,0.9090909090909091,0.0,-0.9090909090909091,2.0,0.9210526315789475,0.0,0,1,1,110,0,0.0,-1.0
1,0.9090909090909091,1.8181818181818181,0.9090909090909091,2.0,0.9102564102564101,1.8205128205128203,0,1,2,110,0,2.0,1.0
0,0.9438202247191011,0.9438202247191011,0.0,2.0,0.9767441860465117,0.9767441860465117,1,2,1,110,1,2.0,0.0
0,0.9090909090909091,0.0,-0.9090909090909091,2.0,0.9230769230769231,0.0,0,1,1,110,0,0.0,-1.0
0,0.9090909090909091,0.9090909090909091,0.0,2.0,0.9240506329113923,0.9240506329113923,0,1,1,110,0,1.0,0.0
0,0.9438202247191011,0.9438202247191011,0.0,2.0,0.9768976897689768,0.9768976897689768,0,2,1,110,1,2.0,0.0
1,0.9438202247191011,1.4157303370786516,0.47191011235955055,2.0,0.9738562091503268,1.4607843137254903,0,2,2,110,1,3.0,1.0
1,0.9438202247191011,1.8876404494382022,0.9438202247191011,2.0,0.9677419354838709,1.9354838709677418,1,2,1,110,1,4.0,2.0
1,0.9438202247191011,1.8876404494382022,0.9438202247191011,2.0,0.9617834394904459,1.9235668789808917,1,2,2,110,1,4.0,2.0
1,0.9438202247191011,1.4157303370786516,0.47191011235955055,2.0,0.9589905362776024,1.4384858044164037,1,2,2,110,1,3.0,1.0
0,0.9090909090909091,0.9090909090909091,0.0,2.0,0.9249999999999999,0.9249999999999999,1,1,1,110,0,1.0,0.0
1,0.9438202247191011,0.9438202247191011,0.0,2.0,0.9592476489028212,0.9592476489028212,0,2,2,110,1,2.0,0.0
1,0.9438202247191011,0.9438202247191011,0.0,2.0,0.9595015576323989,0.9595015576323989,1,2,2,110,1,2.0,0.0
1,0.9090909090909091,1.8181818181818181,0.9090909090909091,2.0,0.9146341463414634,1.829268292682927,1,1,1,110,0,2.0,1.0
1,0.9438202247191011,1.4157303370786516,0.47191011235955055,2.0,0.9567901234567902,1.4351851851851851,1,2,2,110,1,3.0,1.0
1,0.9438202247191011,1.4157303370786516,0.47191011235955055,2.0,0.9541284403669724,1.4311926605504586,1,2,1,110,1,3.0,1.0
1,0.9090909090909091,0.9090909090909091,0.0,2.0,0.9156626506024097,0.9156626506024097,1,1,2,110,0,1.0,0.0
0,0.9438202247191011,0.9438202247191011,0.0,2.0,0.9544072948328266,0.9544072948328266,1,2,1,110,1,2.0,0.0
1,0.9438202247191011,0.9438202247191011,0.0,2.0,0.9546827794561933,0.9546827794561933,0,2,1,110,1,2.0,0.0
1,0.9438202247191011,0.9438202247191011,0.0,2.0,0.9549549549549549,0.9549549549549549,1,2,2,110,1,2.0,0.0
0,0.9090909090909091,0.9090909090909091,0.0,2.0,0.9166666666666667,0.9166666666666667,1,1,1,110,0,1.0,0.0
0,0.9438202247191011,0.47191011235955055,-0.47191011235955055,2.0,0.9580838323353293,0.47904191616766467,0,2,2,110,1,1.0,-1.0
1,0.9090909090909091,1.8181818181818181,0.9090909090909091,2.0,0.9069767441860465,1.813953488372093,0,1,1,110,0,2.0,1.0
1,0.9438202247191011,1.4157303370786516,0.47191011235955055,2.0,0.9554896142433235,1.4332344213649852,1,2,1,110,1,3.0,1.0
1,0.9438202247191011,0.9438202247191011,0.0,2.0,0.9557522123893806,0.9557522123893806,1,2,1,110,1,2.0,0.0
1,0.9438202247191011,0.9438202247191011,0.0,2.0,0.9560117302052786,0.9560117302052786,1,2,2,110,1,2.0,0.0
1,0.9438202247191011,0.9438202247191011,0.0,2.0,0.9562682215743441,0.9562682215743441,1,2,1,110,1,2.0,0.0
0,0.9090909090909091,0.0,-0.9090909090909091,2.0,0.9186046511627907,0.0,1,1,1,110,0,0.0,-1.0
1,0.9438202247191011,1.4157303370786516,0.47191011235955055,2.0,0.9537572254335259,1.4306358381502888,0,2,2,110,1,3.0,1.0
1,0.9090909090909091,1.8181818181818181,0.9090909090909091,2.0,0.9090909090909091,1.8181818181818181,1,1,1,110,0,2.0,1.0
0,0.9438202247191011,0.47191011235955055,-0.47191011235955055,2.0,0.9567723342939483,0.47838616714697413,1,2,1,110,1,1.0,-1.0
1,0.9438202247191011,1.4157303370786516,0.47191011235955055,2.0,0.9542857142857143,1.4314285714285715,0,2,2,110,1,3.0,1.0
1,0.9438202247191011,1.4157303370786516,0.47191011235955055,2.0,0.951841359773371,1.4277620396600565,1,2,2,110,1,3.0,1.0
0,0.9090909090909091,0.0,-0.9090909090909091,2.0,0.9204545454545455,0.0,100,1,1,110,0,0.0,-1.0
0,0.9090909090909091,0.0,-0.9090909090909091,2.0,0.9318181818181818,0.0,0,1,1,110,0,0.0,-1.0
0,0.9438202247191011,0.47191011235955055,-0.47191011235955055,2.0,0.9548022598870056,0.4774011299435028,0,2,1,110,1,1.0,-1.0
1,0.9090909090909091,2.727272727272727,1.8181818181818181,2.0,0.9120879120879121,2.736263736263736,0,1,1,110,0,3.0,2.0
1,0.9438202247191011,2.359550561797753,1.4157303370786516,2.0,0.947075208913649,2.3676880222841223,1,2,2,110,1,5.0,3.0
0,0.9438202247191011,0.0,-0.9438202247191011,2.0,0.9526462395543175,0.0,1,2,2,110,1,0.0,-2.0
0,0.9438202247191011,0.47191011235955055,-0.47191011235955055,2.0,0.9555555555555555,0.47777777777777775,0,2,2,110,1,1.0,-1.0
1,0.9090909090909091,1.8181818181818181,0.9090909090909091,2.0,0.9032258064516129,1.8064516129032258,0,1,1,110,0,2.0,1.0
1,0.9438202247191011,1.4157303370786516,0.47191011235955055,2.0,0.9531680440771351,1.4297520661157026,1,2,1,110,1,3.0,1.0
1,0.9438202247191011,1.4157303370786516,0.47191011235955055,2.0,0.9508196721311476,1.4262295081967213,1,2,2,110,1,3.0,1.0
1,0.9438202247191011,0.9438202247191011,0.0,2.0,0.9510869565217391,0.9510869565217391,1,2,2,110,1,2.0,0.0
1,0.9438202247191011,0.9438202247191011,0.0,2.0,0.9513513513513514,0.9513513513513514,1,2,2,110,1,2.0,0.0
0,0.9438202247191011,0.47191011235955055,-0.47191011235955055,2.0,0.9541778975741241,0.47708894878706204,1,2,2,110,1,1.0,-1.0
1,0.9438202247191011,1.8876404494382022,0.9438202247191011,2.0,0.9493333333333333,1.8986666666666665,0,2,1,110,1,4.0,2.0
0,0.9438202247191011,0.9438202247191011,0.0,2.0,0.9496021220159151,0.9496021220159151,1,2,2,110,1,2.0,0.0
1,0.9438202247191011,1.8876404494382022,0.9438202247191011,2.0,0.9448818897637795,1.889763779527559,0,2,1,110,1,4.0,2.0
1,0.9438202247191011,1.4157303370786516,0.47191011235955055,2.0,0.9427083333333334,1.4140625,1,2,1,110,1,3.0,1.0
0,0.9438202247191011,0.47191011235955055,-0.47191011235955055,2.0,0.9454545454545454,0.4727272727272727,1,2,1,110,1,1.0,-1.0
0,0.9438202247191011,0.0,-0.9438202247191011,2.0,0.9506493506493507,0.0,0,2,2,110,1,0.0,-2.0
0,0.9438202247191011,0.47191011235955055,-0.47191011235955055,2.0,0.9533678756476683,0.47668393782383417,0,2,1,110,1,1.0,-1.0
0,0.9438202247191011,0.0,-0.9438202247191011,2.0,0.9585492227979274,0.0,0,2,1,110,1,0.0,-2.0
0,0.9438202247191011,0.47191011235955055,-0.47191011235955055,2.0,0.9612403100775194,0.4806201550387597,0,2,2,110,1,1.0,-1.0
0,0.9438202247191011,0.47191011235955055,-0.47191011235955055,2.0,0.9639175257731959,0.48195876288659795,0,2,2,110,1,1.0,-1.0
0,0.9438202247191011,0.9438202247191011,0.0,2.0,0.9641025641025642,0.9641025641025642,0,2,2,110,1,2.0,0.0
1,0.9090909090909091,1.8181818181818181,0.9090909090909091,2.0,0.8947368421052632,1.7894736842105263,0,1,2,110,0,2.0,1.0
0,0.9438202247191011,0.47191011235955055,-0.47191011235955055,2.0,0.9667519181585678,0.4833759590792839,1,2,1,110,1,1.0,-1.0
0,0.9090909090909091,0.0,-0.9090909090909091,2.0,0.9052631578947369,0.0,0,1,2,110,0,0.0,-1.0
0,0.9090909090909091,0.9090909090909091,0.0,2.0,0.90625,0.90625,0,1,2,110,0,1.0,0.0
1,0.9438202247191011,1.4157303370786516,0.47191011235955055,2.0,0.9644670050761422,1.4467005076142134,0,2,2,110,1,3.0,1.0
1,0.9438202247191011,0.9438202247191011,0.0,2.0,0.9646464646464645,0.9646464646464645,1,2,1,110,1,2.0,0.0
1,0.9438202247191011,1.4157303370786516,0.47191011235955055,2.0,0.9624060150375939,1.443609022556391,1,2,2,110,1,3.0,1.0
1,0.9438202247191011,1.8876404494382022,0.9438202247191011,2.0,0.9578163771712159,1.9156327543424319,1,2,2,110,1,4.0,2.0
0,0.9090909090909091,0.9090909090909091,0.0,2.0,0.9072164948453608,0.9072164948453608,1,1,1,110,0,1.0,0.0
0,0.9090909090909091,0.0,-0.9090909090909091,2.0,0.9175257731958762,0.0,0,1,2,110,0,0.0,-1.0
0,0.9438202247191011,0.0,-0.9438202247191011,2.0,0.9627791563275433,0.0,0,2,1,110,1,0.0,-2.0
1,0.9438202247191011,1.4157303370786516,0.47191011235955055,2.0,0.960591133004926,1.440886699507389,0,2,2,110,1,3.0,1.0
1,0.9438202247191011,0.9438202247191011,0.0,2.0,0.9607843137254901,0.9607843137254901,1,2,1,110,1,2.0,0.0
0,0.9090909090909091,0.0,-0.9090909090909091,2.0,0.9278350515463918,0.0,1,1,1,110,0,0.0,-1.0
0,0.9438202247191011,0.9438202247191011,0.0,2.0,0.9609756097560976,0.9609756097560976,0,2,1,110,1,2.0,0.0
1,0.9438202247191011,1.4157303370786516,0.47191011235955055,2.0,0.9588377723970943,1.4382566585956416,0,2,1,110,1,3.0,1.0
1,0.9438202247191011,1.4157303370786516,0.47191011235955055,2.0,0.9567307692307692,1.4350961538461537,1,2,1,110,1,3.0,1.0
1,0.9090909090909091,0.9090909090909091,0.0,2.0,0.9285714285714286,0.9285714285714286,1,1,2,110,0,1.0,0.0
0,0.9090909090909091,0.0,-0.9090909090909091,2.0,0.9387755102040816,0.0,1,1,2,110,0,0.0,-1.0
0,0.9090909090909091,0.9090909090909091,0.0,2.0,0.9393939393939394,0.9393939393939394,0,1,2,110,0,1.0,0.0
1,0.9438202247191011,0.9438202247191011,0.0,2.0,0.9569377990430623,0.9569377990430623,0,2,1,110,1,2.0,0.0
1,0.9438202247191011,1.4157303370786516,0.47191011235955055,2.0,0.9548693586698338,1.4323040380047507,1,2,2,110,1,3.0,1.0
1,0.9438202247191011,1.4157303370786516,0.47191011235955055,2.0,0.9528301886792453,1.4292452830188678,1,2,2,110,1,3.0,1.0
1,0.9438202247191011,1.4157303370786516,0.47191011235955055,2.0,0.9508196721311476,1.4262295081967213,1,2,2,110,1,3.0,1.0
1,0.9438202247191011,1.8876404494382022,0.9438202247191011,2.0,0.9466357308584686,1.8932714617169373,1,2,1,110,1,4.0,2.0
1,0.9438202247191011,0.9438202247191011,0.0,2.0,0.9468822170900693,0.9468822170900693,1,2,1,110,1,2.0,0.0
1,0.9090909090909091,1.8181818181818181,0.9090909090909091,2.0,0.9306930693069306,1.8613861386138613,1,1,2,110,0,2.0,1.0
1,0.9438202247191011,2.831460674157303,1.8876404494382022,2.0,0.9384965831435079,2.8154897494305238,1,2,1,110,1,6.0,4.0
1,0.9090909090909091,1.8181818181818181,0.9090909090909091,2.0,0.9223300970873786,1.8446601941747571,1,1,1,110,0,2.0,1.0
1,0.9090909090909091,0.9090909090909091,0.0,2.0,0.9230769230769231,0.9230769230769231,1,1,2,110,0,1.0,0.0
0,0.9438202247191011,0.47191011235955055,-0.47191011235955055,2.0,0.9409090909090908,0.4704545454545454,1,2,2,110,1,1.0,-1.0
1,0.9090909090909091,1.8181818181818181,0.9090909090909091,2.0,0.9150943396226416,1.8301886792452833,0,1,2,110,0,2.0,1.0
1,0.9090909090909091,0.9090909090909091,0.0,2.0,0.9158878504672897,0.9158878504672897,1,1,2,110,0,1.0,0.0
0,0.9090909090909091,0.9090909090909091,0.0,2.0,0.9166666666666667,0.9166666666666667,1,1,1,110,0,1.0,0.0
1,0.9090909090909091,1.8181818181818181,0.9090909090909091,2.0,0.9090909090909091,1.8181818181818181,0,1,1,110,0,2.0,1.0
0,0.9438202247191011,0.9438202247191011,0.0,2.0,0.9411764705882353,0.9411764705882353,1,2,2,110,1,2.0,0.0
0,0.9438202247191011,0.47191011235955055,-0.47191011235955055,2.0,0.943566591422122,0.471783295711061,0,2,1,110,1,1.0,-1.0
0,0.9438202247191011,0.9438202247191011,0.0,2.0,0.9438202247191011,0.9438202247191011,0,2,2,110,1,2.0,0.0
1,0.813953488372093,1.627906976744186,0.813953488372093,3.0,0.5,1.0,100,2,2,110,1,4.0,2.0
1,0.7692307692307692,1.5384615384615383,0.7692307692307692,3.0,0.5,1.0,1,1,2,110,0,2.0,1.0
1,0.813953488372093,1.627906976744186,0.813953488372093,3.0,0.5,1.0,1,2,2,110,1,4.0,2.0
0,0.7692307692307692,0.0,-0.7692307692307692,3.0,1.0,0.0,1,1,2,110,0,0.0,-1.0
0,0.813953488372093,0.813953488372093,0.0,3.0,0.6,0.6,0,2,2,110,1,2.0,0.0
0,0.813953488372093,0.0,-0.813953488372093,3.0,0.8,0.0,0,2,1,110,1,0.0,-2.0
1,0.7692307692307692,1.5384615384615383,0.7692307692307692,3.0,0.75,1.5,0,1,1,110,0,2.0,1.0
1,0.813953488372093,0.813953488372093,0.0,3.0,0.8333333333333334,0.8333333333333334,1,2,1,110,1,2.0,0.0
1,0.813953488372093,2.0348837209302326,1.2209302325581395,3.0,0.7058823529411764,1.7647058823529411,1,2,2,110,1,5.0,3.0
1,0.7692307692307692,0.7692307692307692,0.0,3.0,0.8,0.8,1,1,1,110,0,1.0,0.0
1,0.813953488372093,1.2209302325581395,0.4069767441860465,3.0,0.7,1.05,1,2,2,110,1,3.0,1.0
0,0.813953488372093,0.0,-0.813953488372093,3.0,0.8,0.0,1,2,1,110,1,0.0,-2.0
1,0.813953488372093,1.2209302325581395,0.4069767441860465,3.0,0.782608695652174,1.173913043478261,0,2,2,110,1,3.0,1.0
1,0.7692307692307692,2.3076923076923075,1.5384615384615383,3.0,0.625,1.875,1,1,1,110,0,3.0,2.0
1,0.813953488372093,1.2209302325581395,0.4069767441860465,3.0,0.7692307692307692,1.1538461538461537,1,2,1,110,1,3.0,1.0
1,0.813953488372093,2.0348837209302326,1.2209302325581395,3.0,0.7096774193548386,1.7741935483870968,1,2,1,110,1,5.0,3.0
1,0.813953488372093,1.627906976744186,0.813953488372093,3.0,0.6857142857142857,1.3714285714285714,1,2,2,110,1,4.0,2.0
0,0.7692307692307692,0.0,-0.7692307692307692,3.0,0.75,0.0,1,1,1,110,0,0.0,-1.0
0,0.813953488372093,0.4069767441860465,-0.4069767441860465,3.0,0.7222222222222222,0.3611111111111111,0,2,1,110,1,1.0,-1.0
1,0.813953488372093,1.627906976744186,0.813953488372093,3.0,0.7,1.4,0,2,2,110,1,4.0,2.0
1,0.813953488372093,2.0348837209302326,1.2209302325581395,3.0,0.6666666666666666,1.6666666666666667,1,2,2,110,1,5.0,3.0
0,0.7692307692307692,0.7692307692307692,0.0,3.0,0.7777777777777777,0.7777777777777777,1,1,2,110,0,1.0,0.0
1,0.7692307692307692,0.7692307692307692,0.0,3.0,0.8,0.8,0,1,2,110,0,1.0,0.0
0,0.813953488372093,0.4069767441860465,-0.4069767441860465,3.0,0.6956521739130435,0.34782608695652173,1,2,1,110,1,1.0,-1.0
1,0.813953488372093,1.2209302325581395,0.4069767441860465,3.0,0.6938775510204082,1.0408163265306123,0,2,2,110,1,3.0,1.0
1,0.813953488372093,1.627906976744186,0.813953488372093,3.0,0.6792452830188679,1.3584905660377358,1,2,2,110,1,4.0,2.0
0,0.813953488372093,0.813953488372093,0.0,3.0,0.6909090909090909,0.6909090909090909,1,2,1,110,1,2.0,0.0
1,0.813953488372093,1.2209302325581395,0.4069767441860465,3.0,0.6896551724137931,1.0344827586206897,0,2,2,110,1,3.0,1.0
0,0.813953488372093,0.813953488372093,0.0,3.0,0.7,0.7,1,2,1,110,1,2.0,0.0
1,0.813953488372093,0.813953488372093,0.0,3.0,0.7096774193548386,0.7096774193548386,0,2,1,110,1,2.0,0.0
0,0.813953488372093,0.813953488372093,0.0,3.0,0.71875,0.71875,1,2,2,110,1,2.0,0.0
0,0.813953488372093,0.0,-0.813953488372093,3.0,0.75,0.0,0,2,2,110,1,0.0,-2.0
0,0.813953488372093,0.4069767441860465,-0.4069767441860465,3.0,0.7692307692307692,0.3846153846153846,0,2,2,110,1,1.0,-1.0
0,0.7692307692307692,0.7692307692307692,0.0,3.0,0.8181818181818181,0.8181818181818181,0,1,1,110,0,1.0,0.0
0,0.813953488372093,0.4069767441860465,-0.4069767441860465,3.0,0.787878787878788,0.393939393939394,0,2,2,110,1,1.0,-1.0
0,0.813953488372093,0.4069767441860465,-0.4069767441860465,3.0,0.8059701492537313,0.40298507462686567,0,2,1,110,1,1.0,-1.0
0,0.7692307692307692,0.0,-0.7692307692307692,3.0,0.9090909090909091,0.0,0,1,1,110,0,0.0,-1.0
0,0.813953488372093,0.4069767441860465,-0.4069767441860465,3.0,0.823529411764706,0.411764705882353,0,2,1,110,1,1.0,-1.0
0,0.813953488372093,0.4069767441860465,-0.4069767441860465,3.0,0.8405797101449275,0.42028985507246375,0,2,1,110,1,1.0,-1.0
0,0.7692307692307692,0.0,-0.7692307692307692,3.0,1.0,0.0,0,1,2,110,0,0.0,-1.0
0,0.813953488372093,0.4069767441860465,-0.4069767441860465,3.0,0.8571428571428571,0.42857142857142855,0,2,1,110,1,1.0,-1.0
1,0.813953488372093,0.813953488372093,0.0,3.0,0.861111111111111,0.861111111111111,0,2,2,110,1,2.0,0.0
0,0.813953488372093,0.4069767441860465,-0.4069767441860465,3.0,0.8767123287671232,0.4383561643835616,1,2,1,110,1,1.0,-1.0
1,0.813953488372093,1.2209302325581395,0.4069767441860465,3.0,0.8684210526315789,1.3026315789473684,0,2,2,110,1,3.0,1.0
0,0.7692307692307692,0.7692307692307692,0.0,3.0,1.0,1.0,1,1,1,110,0,1.0,0.0
1,0.813953488372093,1.627906976744186,0.813953488372093,3.0,0.85,1.7,0,2,2,110,1,4.0,2.0
1,0.7692307692307692,1.5384615384615383,0.7692307692307692,3.0,0.9285714285714286,1.8571428571428572,1,1,2,110,0,2.0,1.0
1,0.7692307692307692,1.5384615384615383,0.7692307692307692,3.0,0.875,1.75,1,1,2,110,0,2.0,1.0
0,0.813953488372093,0.4069767441860465,-0.4069767441860465,3.0,0.8641975308641975,0.43209876543209874,1,2,1,110,1,1.0,-1.0
0,0.813953488372093,0.4069767441860465,-0.4069767441860465,3.0,0.8780487804878049,0.43902439024390244,0,2,1,110,1,1.0,-1.0
1,0.7692307692307692,2.3076923076923075,1.5384615384615383,3.0,0.7894736842105263,2.368421052631579,0,1,1,110,0,3.0,2.0
0,0.7692307692307692,0.0,-0.7692307692307692,3.0,0.8421052631578947,0.0,1,1,2,110,0,0.0,-1.0
1,0.813953488372093,1.2209302325581395,0.4069767441860465,3.0,0.8705882352941177,1.3058823529411765,0,2,1,110,1,3.0,1.0
1,0.7692307692307692,3.0769230769230766,2.3076923076923075,3.0,0.7391304347826086,2.9565217391304346,1,1,2,110,0,4.0,3.0
0,0.7692307692307692,0.7692307692307692,0.0,3.0,0.75,0.75,1,1,2,110,0,1.0,0.0
0,0.7692307692307692,0.7692307692307692,0.0,3.0,0.7599999999999999,0.7599999999999999,0,1,2,110,0,1.0,0.0
0,0.813953488372093,0.813953488372093,0.0,3.0,0.8735632183908046,0.8735632183908046,0,2,1,110,1,2.0,0.0
1,0.813953488372093,1.627906976744186,0.813953488372093,3.0,0.8571428571428571,1.7142857142857142,0,2,1,110,1,4.0,2.0
0,0.7692307692307692,0.7692307692307692,0.0,3.0,0.7692307692307692,0.7692307692307692,1,1,1,110,0,1.0,0.0
1,0.813953488372093,1.2209302325581395,0.4069767441860465,3.0,0.851063829787234,1.276595744680851,0,2,2,110,1,3.0,1.0
1,0.813953488372093,1.627906976744186,0.813953488372093,3.0,0.8367346938775511,1.6734693877551021,1,2,1,110,1,4.0,2.0
1,0.813953488372093,0.813953488372093,0.0,3.0,0.84,0.84,1,2,2,110,1,2.0,0.0
1,0.7692307692307692,2.3076923076923075,1.5384615384615383,3.0,0.7241379310344828,2.1724137931034484,100,1,1,110,0,3.0,2.0
1,0.813953488372093,2.0348837209302326,1.2209302325581395,3.0,0.8190476190476191,2.047619047619048,1,2,2,110,1,5.0,3.0
0,0.7692307692307692,0.0,-0.7692307692307692,3.0,0.7586206896551725,0.0,1,1,2,110,0,0.0,-1.0
1,0.813953488372093,1.627906976744186,0.813953488372093,3.0,0.8073394495412844,1.614678899082569,0,2,1,110,1,4.0,2.0
0,0.813953488372093,0.4069767441860465,-0.4069767441860465,3.0,0.8181818181818181,0.40909090909090906,1,2,2,110,1,1.0,-1.0
1,0.813953488372093,1.2209302325581395,0.4069767441860465,3.0,0.8141592920353983,1.2212389380530975,0,2,2,110,1,3.0,1.0
1,0.813953488372093,1.2209302325581395,0.4069767441860465,3.0,0.8103448275862069,1.2155172413793103,1,2,1,110,1,3.0,1.0
1,0.813953488372093,1.2209302325581395,0.4069767441860465,3.0,0.8067226890756303,1.2100840336134455,1,2,1,110,1,3.0,1.0
1,0.813953488372093,2.441860465116279,1.627906976744186,3.0,0.784,2.352,1,2,1,110,1,6.0,4.0
1,0.813953488372093,1.627906976744186,0.813953488372093,3.0,0.7751937984496123,1.5503875968992247,1,2,1,110,1,4.0,2.0
1,0.7692307692307692,2.3076923076923075,1.5384615384615383,3.0,0.71875,2.15625,1,1,2,110,0,3.0,2.0
0,0.813953488372093,0.0,-0.813953488372093,3.0,0.7906976744186047,0.0,1,2,2,110,1,0.0,-2.0
0,0.813953488372093,0.813953488372093,0.0,3.0,0.7938931297709924,0.7938931297709924,0,2,2,110,1,2.0,0.0
0,0.813953488372093,0.0,-0.813953488372093,3.0,0.8091603053435115,0.0,0,2,2,110,1,0.0,-2.0
1,0.813953488372093,1.2209302325581395,0.4069767441860465,3.0,0.8059701492537313,1.208955223880597,0,2,2,110,1,3.0,1.0
0,0.813953488372093,0.4069767441860465,-0.4069767441860465,3.0,0.8148148148148148,0.4074074074074074,1,2,1,110,1,1.0,-1.0
0,0.813953488372093,0.0,-0.813953488372093,3.0,0.8142857142857143,0.0,100,2,2,110,1,0.0,-2.0
0,0.7692307692307692,0.7692307692307692,0.0,3.0,0.7272727272727273,0.7272727272727273,0,1,1,110,0,1.0,0.0
1,0.813953488372093,1.627906976744186,0.813953488372093,3.0,0.8055555555555556,1.6111111111111112,0,2,2,110,1,4.0,2.0
1,0.7692307692307692,3.0769230769230766,2.3076923076923075,3.0,0.6756756756756757,2.7027027027027026,1,1,2,110,0,4.0,3.0
0,0.813953488372093,0.813953488372093,0.0,3.0,0.8082191780821918,0.8082191780821918,1,2,2,110,1,2.0,0.0
1,0.813953488372093,1.2209302325581395,0.4069767441860465,3.0,0.8053691275167785,1.2080536912751678,0,2,2,110,1,3.0,1.0
1,0.813953488372093,1.627906976744186,0.813953488372093,3.0,0.7973856209150327,1.5947712418300655,1,2,2,110,1,4.0,2.0
1,0.7692307692307692,1.5384615384615383,0.7692307692307692,3.0,0.6666666666666666,1.3333333333333333,1,1,1,110,0,2.0,1.0
0,0.813953488372093,0.813953488372093,0.0,3.0,0.8,0.8,1,2,1,110,1,2.0,0.0
1,0.7692307692307692,1.5384615384615383,0.7692307692307692,3.0,0.6585365853658536,1.3170731707317072,0,1,1,110,0,2.0,1.0
0,0.813953488372093,0.813953488372093,0.0,3.0,0.802547770700637,0.802547770700637,1,2,1,110,1,2.0,0.0
0,0.7692307692307692,0.0,-0.7692307692307692,3.0,0.6829268292682927,0.0,0,1,2,110,0,0.0,-1.0
1,0.813953488372093,1.627906976744186,0.813953488372093,3.0,0.7950310559006211,1.5900621118012421,0,2,1,110,1,4.0,2.0
0,0.7692307692307692,0.7692307692307692,0.0,3.0,0.6904761904761905,0.6904761904761905,1,1,1,110,0,1.0,0.0
0,0.813953488372093,0.4069767441860465,-0.4069767441860465,3.0,0.8024691358024691,0.4012345679012346,0,2,1,110,1,1.0,-1.0
0,0.7692307692307692,0.0,-0.7692307692307692,3.0,0.7142857142857143,0.0,0,1,1,110,0,0.0,-1.0
0,0.813953488372093,0.4069767441860465,-0.4069767441860465,3.0,0.8098159509202454,0.4049079754601227,0,2,1,110,1,1.0,-1.0
0,0.813953488372093,0.4069767441860465,-0.4069767441860465,3.0,0.8170731707317074,0.4085365853658537,0,2,1,110,1,1.0,-1.0
0,0.7692307692307692,0.7692307692307692,0.0,3.0,0.7209302325581395,0.7209302325581395,0,1,2,110,0,1.0,0.0
1,0.813953488372093,1.2209302325581395,0.4069767441860465,3.0,0.8143712574850299,1.2215568862275448,0,2,1,110,1,3.0,1.0
0,0.813953488372093,0.813953488372093,0.0,3.0,0.8165680473372781,0.8165680473372781,1,2,1,110,1,2.0,0.0
0,0.7692307692307692,0.7692307692307692,0.0,3.0,0.7272727272727273,0.7272727272727273,0,1,2,110,0,1.0,0.0
0,0.813953488372093,0.4069767441860465,-0.4069767441860465,3.0,0.823529411764706,0.411764705882353,0,2,2,110,1,1.0,-1.0
0,0.813953488372093,0.4069767441860465,-0.4069767441860465,3.0,0.8304093567251463,0.41520467836257313,0,2,1,110,1,1.0,-1.0
0,0.7692307692307692,0.7692307692307692,0.0,3.0,0.7333333333333334,0.7333333333333334,0,1,1,110,0,1.0,0.0
1,0.813953488372093,0.813953488372093,0.0,3.0,0.8323699421965318,0.8323699421965318,0,2,1,110,1,2.0,0.0
0,0.7692307692307692,0.0,-0.7692307692307692,3.0,0.7555555555555555,0.0,1,1,1,110,0,0.0,-1.0
0,0.7692307692307692,0.7692307692307692,0.0,3.0,0.7608695652173914,0.7608695652173914,0,1,2,110,0,1.0,0.0
1,0.813953488372093,0.813953488372093,0.0,3.0,0.8342857142857143,0.8342857142857143,0,2,1,110,1,2.0,0.0
0,0.813953488372093,0.4069767441860465,-0.4069767441860465,3.0,0.8409090909090908,0.4204545454545454,1,2,2,110,1,1.0,-1.0
1,0.813953488372093,1.2209302325581395,0.4069767441860465,3.0,0.8379888268156425,1.2569832402234637,0,2,2,110,1,3.0,1.0
1,0.813953488372093,1.2209302325581395,0.4069767441860465,3.0,0.8351648351648351,1.2527472527472527,1,2,1,110,1,3.0,1.0
1,0.813953488372093,1.2209302325581395,0.4069767441860465,3.0,0.8324324324324325,1.2486486486486486,1,2,1,110,1,3.0,1.0
1,0.813953488372093,1.2209302325581395,0.4069767441860465,3.0,0.8297872340425533,1.2446808510638299,1,2,1,110,1,3.0,1.0
0,0.813953488372093,0.4069767441860465,-0.4069767441860465,3.0,0.835978835978836,0.417989417989418,1,2,1,110,1,1.0,-1.0
1,0.813953488372093,1.627906976744186,0.813953488372093,3.0,0.8290155440414507,1.6580310880829014,0,2,1,110,1,4.0,2.0
0,0.813953488372093,0.0,-0.813953488372093,3.0,0.8393782383419689,0.0,1,2,2,110,1,0.0,-2.0
1,0.813953488372093,0.4069767441860465,-0.4069767441860465,3.0,0.845360824742268,0.422680412371134,0,2,1,110,1,1.0,-1.0
0,0.813953488372093,0.4069767441860465,-0.4069767441860465,3.0,0.8512820512820514,0.4256410256410257,1,2,1,110,1,1.0,-1.0
0,0.7692307692307692,0.7692307692307692,0.0,3.0,0.7659574468085106,0.7659574468085106,0,1,2,110,0,1.0,0.0
1,0.7692307692307692,1.5384615384615383,0.7692307692307692,3.0,0.7551020408163265,1.510204081632653,0,1,1,110,0,2.0,1.0
1,0.7692307692307692,1.5384615384615383,0.7692307692307692,3.0,0.7450980392156863,1.4901960784313726,1,1,2,110,0,2.0,1.0
0,0.7692307692307692,0.0,-0.7692307692307692,3.0,0.7647058823529411,0.0,1,1,2,110,0,0.0,-1.0
0,0.813953488372093,0.0,-0.813953488372093,3.0,0.8615384615384615,0.0,0,2,1,110,1,0.0,-2.0
0,0.7692307692307692,0.7692307692307692,0.0,3.0,0.7692307692307692,0.7692307692307692,0,1,2,110,0,1.0,0.0
0,0.7692307692307692,0.7692307692307692,0.0,3.0,0.7735849056603773,0.7735849056603773,100,1,2,110,0,1.0,0.0
0,0.813953488372093,0.0,-0.813953488372093,3.0,0.8717948717948718,0.0,0,2,2,110,1,0.0,-2.0
0,0.7692307692307692,0.7692307692307692,0.0,3.0,0.7777777777777777,0.7777777777777777,0,1,2,110,0,1.0,0.0
1,0.813953488372093,1.2209302325581395,0.4069767441860465,3.0,0.8686868686868686,1.303030303030303,0,2,2,110,1,3.0,1.0
1,0.813953488372093,1.627906976744186,0.813953488372093,3.0,0.8613861386138614,1.7227722772277227,1,2,2,110,1,4.0,2.0
0,0.813953488372093,0.813953488372093,0.0,3.0,0.8627450980392156,0.8627450980392156,1,2,1,110,1,2.0,0.0
1,0.813953488372093,0.813953488372093,0.0,3.0,0.8640776699029127,0.8640776699029127,0,2,1,110,1,2.0,0.0
0,0.813953488372093,0.813953488372093,0.0,3.0,0.8653846153846154,0.8653846153846154,1,2,2,110,1,2.0,0.0
1,0.813953488372093,1.627906976744186,0.813953488372093,3.0,0.8584905660377358,1.7169811320754715,0,2,1,110,1,4.0,2.0
0,0.813953488372093,0.4069767441860465,-0.4069767441860465,3.0,0.863849765258216,0.431924882629108,1,2,1,110,1,1.0,-1.0
0,0.813953488372093,0.813953488372093,0.0,3.0,0.8651162790697674,0.8651162790697674,0,2,1,110,1,2.0,0.0
1,0.813953488372093,1.627906976744186,0.813953488372093,3.0,0.8584474885844748,1.7168949771689497,0,2,1,110,1,4.0,2.0
1,0.813953488372093,1.2209302325581395,0.4069767441860465,3.0,0.8558558558558558,1.2837837837837838,1,2,2,110,1,3.0,1.0
0,0.7692307692307692,0.0,-0.7692307692307692,3.0,0.7962962962962963,0.0,1,1,2,110,0,0.0,-1.0
0,0.7692307692307692,0.7692307692307692,0.0,3.0,0.8,0.8,0,1,1,110,0,1.0,0.0
1,0.813953488372093,1.627906976744186,0.813953488372093,3.0,0.8495575221238939,1.6991150442477878,0,2,1,110,1,4.0,2.0
1,0.813953488372093,1.627906976744186,0.813953488372093,3.0,0.8434782608695652,1.6869565217391305,1,2,2,110,1,4.0,2.0
1,0.813953488372093,1.2209302325581395,0.4069767441860465,3.0,0.8412017167381974,1.2618025751072963,1,2,1,110,1,3.0,1.0
0,0.7692307692307692,0.0,-0.7692307692307692,3.0,0.8181818181818181,0.0,1,1,2,110,0,0.0,-1.0
1,0.813953488372093,1.2209302325581395,0.4069767441860465,3.0,0.8389830508474577,1.2584745762711866,0,2,2,110,1,3.0,1.0
1,0.813953488372093,1.2209302325581395,0.4069767441860465,3.0,0.8368200836820083,1.2552301255230125,1,2,1,110,1,3.0,1.0
1,0.7692307692307692,1.5384615384615383,0.7692307692307692,3.0,0.8070175438596492,1.6140350877192984,1,1,1,110,0,2.0,1.0
1,0.7692307692307692,3.0769230769230766,2.3076923076923075,3.0,0.7704918032786885,3.081967213114754,1,1,1,110,0,4.0,3.0
1,0.813953488372093,1.2209302325581395,0.4069767441860465,3.0,0.8347107438016529,1.2520661157024793,1,2,2,110,1,3.0,1.0
0,0.813953488372093,0.0,-0.813953488372093,3.0,0.8429752066115702,0.0,1,2,1,110,1,0.0,-2.0
0,0.7692307692307692,0.7692307692307692,0.0,3.0,0.7741935483870968,0.7741935483870968,0,1,1,110,0,1.0,0.0
0,0.813953488372093,0.4069767441860465,-0.4069767441860465,3.0,0.8477366255144033,0.42386831275720166,0,2,1,110,1,1.0,-1.0
1,0.813953488372093,1.627906976744186,0.813953488372093,3.0,0.8421052631578947,1.6842105263157894,0,2,1,110,1,4.0,2.0
0,0.813953488372093,0.813953488372093,0.0,3.0,0.8433734939759037,0.8433734939759037,1,2,1,110,1,2.0,0.0
1,0.7692307692307692,1.5384615384615383,0.7692307692307692,3.0,0.7656250000000001,1.5312500000000002,0,1,1,110,0,2.0,1.0
0,0.813953488372093,0.813953488372093,0.0,3.0,0.8446215139442231,0.8446215139442231,1,2,2,110,1,2.0,0.0
1,0.813953488372093,2.0348837209302326,1.2209302325581395,3.0,0.8359375000000001,2.08984375,0,2,2,110,1,5.0,3.0
1,0.813953488372093,0.813953488372093,0.0,3.0,0.8372093023255814,0.8372093023255814,1,2,1,110,1,2.0,0.0
1,0.7692307692307692,2.3076923076923075,1.5384615384615383,3.0,0.7462686567164178,2.2388059701492535,1,1,2,110,0,3.0,2.0
1,0.813953488372093,1.627906976744186,0.813953488372093,3.0,0.8320610687022901,1.6641221374045803,1,2,1,110,1,4.0,2.0
0,0.7692307692307692,0.0,-0.7692307692307692,3.0,0.7611940298507462,0.0,1,1,1,110,0,0.0,-1.0
0,0.813953488372093,0.813953488372093,0.0,3.0,0.8333333333333334,0.8333333333333334,0,2,2,110,1,2.0,0.0
0,0.813953488372093,0.813953488372093,0.0,3.0,0.8345864661654135,0.8345864661654135,0,2,2,110,1,2.0,0.0
0,0.7692307692307692,0.7692307692307692,0.0,3.0,0.7647058823529411,0.7647058823529411,0,1,1,110,0,1.0,0.0
0,0.813953488372093,0.4069767441860465,-0.4069767441860465,3.0,0.8389513108614232,0.4194756554307116,0,2,2,110,1,1.0,-1.0
1,0.813953488372093,1.2209302325581395,0.4069767441860465,3.0,0.837037037037037,1.2555555555555555,0,2,1,110,1,3.0,1.0
1,0.813953488372093,2.0348837209302326,1.2209302325581395,3.0,0.829090909090909,2.0727272727272728,1,2,2,110,1,5.0,3.0
0,0.813953488372093,0.813953488372093,0.0,3.0,0.8303249097472925,0.8303249097472925,1,2,2,110,1,2.0,0.0
1,0.813953488372093,1.627906976744186,0.813953488372093,3.0,0.8256227758007118,1.6512455516014235,0,2,2,110,1,4.0,2.0
0,0.813953488372093,0.813953488372093,0.0,3.0,0.8268551236749118,0.8268551236749118,1,2,2,110,1,2.0,0.0
1,0.813953488372093,1.2209302325581395,0.4069767441860465,3.0,0.8251748251748251,1.2377622377622377,0,2,2,110,1,3.0,1.0
0,0.7692307692307692,0.0,-0.7692307692307692,3.0,0.7794117647058824,0.0,1,1,1,110,0,0.0,-1.0
1,0.813953488372093,1.2209302325581395,0.4069767441860465,3.0,0.823529411764706,1.2352941176470589,0,2,1,110,1,3.0,1.0
1,0.813953488372093,1.2209302325581395,0.4069767441860465,3.0,0.8219178082191781,1.2328767123287672,1,2,2,110,1,3.0,1.0
0,0.813953488372093,0.4069767441860465,-0.4069767441860465,3.0,0.825938566552901,0.4129692832764505,1,2,1,110,1,1.0,-1.0
1,0.7692307692307692,1.5384615384615383,0.7692307692307692,3.0,0.7714285714285715,1.542857142857143,0,1,1,110,0,2.0,1.0
0,0.7692307692307692,0.0,-0.7692307692307692,3.0,0.7857142857142857,0.0,1,1,2,110,0,0.0,-1.0
1,0.7692307692307692,2.3076923076923075,1.5384615384615383,3.0,0.7671232876712328,2.3013698630136985,0,1,2,110,0,3.0,2.0
1,0.7692307692307692,1.5384615384615383,0.7692307692307692,3.0,0.7599999999999999,1.5199999999999998,1,1,2,110,0,2.0,1.0
1,0.813953488372093,0.813953488372093,0.0,3.0,0.8271186440677966,0.8271186440677966,1,2,1,110,1,2.0,0.0
1,0.813953488372093,0.813953488372093,0.0,3.0,0.8282828282828283,0.8282828282828283,1,2,1,110,1,2.0,0.0
1,0.813953488372093,0.813953488372093,0.0,3.0,0.8294314381270903,0.8294314381270903,1,2,1,110,1,2.0,0.0
1,0.7692307692307692,0.7692307692307692,0.0,3.0,0.7631578947368421,0.7631578947368421,1,1,2,110,0,1.0,0.0
0,0.813953488372093,0.0,-0.813953488372093,3.0,0.8361204013377926,0.0,1,2,1,110,1,0.0,-2.0
0,0.7692307692307692,0.7692307692307692,0.0,3.0,0.7662337662337662,0.7662337662337662,0,1,2,110,0,1.0,0.0
0,0.7692307692307692,0.7692307692307692,0.0,3.0,0.7692307692307692,0.7692307692307692,0,1,2,110,0,1.0,0.0
0,0.813953488372093,0.4069767441860465,-0.4069767441860465,3.0,0.84,0.42,0,2,1,110,1,1.0,-1.0
1,0.813953488372093,1.627906976744186,0.813953488372093,3.0,0.8355263157894737,1.6710526315789473,100,2,1,110,1,4.0,2.0
1,0.813953488372093,0.4069767441860465,-0.4069767441860465,3.0,0.839344262295082,0.419672131147541,1,2,2,110,1,1.0,-1.0
1,0.813953488372093,1.627906976744186,0.813953488372093,3.0,0.8349514563106797,1.6699029126213594,1,2,1,110,1,4.0,2.0
0,0.813953488372093,0.813953488372093,0.0,3.0,0.8360128617363344,0.8360128617363344,1,2,2,110,1,2.0,0.0
1,0.7692307692307692,0.7692307692307692,0.0,3.0,0.7721518987341771,0.7721518987341771,0,1,2,110,0,1.0,0.0
1,0.7692307692307692,2.3076923076923075,1.5384615384615383,3.0,0.7560975609756098,2.2682926829268295,1,1,1,110,0,3.0,2.0
1,0.813953488372093,0.813953488372093,0.0,3.0,0.8370607028753994,0.8370607028753994,1,2,1,110,1,2.0,0.0
1,0.7692307692307692,2.3076923076923075,1.5384615384615383,3.0,0.7411764705882352,2.2235294117647055,1,1,1,110,0,3.0,2.0
1,0.813953488372093,1.627906976744186,0.813953488372093,3.0,0.832807570977918,1.665615141955836,1,2,2,110,1,4.0,2.0
1,0.813953488372093,0.813953488372093,0.0,3.0,0.8338557993730408,0.8338557993730408,1,2,2,110,1,2.0,0.0
0,0.813953488372093,0.0,-0.813953488372093,3.0,0.8401253918495297,0.0,1,2,1,110,1,0.0,-2.0
0,0.7692307692307692,0.7692307692307692,0.0,3.0,0.7441860465116279,0.7441860465116279,0,1,2,110,0,1.0,0.0
1,0.813953488372093,1.627906976744186,0.813953488372093,3.0,0.8359133126934986,1.6718266253869971,0,2,2,110,1,4.0,2.0
1,0.7692307692307692,1.5384615384615383,0.7692307692307692,3.0,0.7386363636363636,1.4772727272727273,1,1,1,110,0,2.0,1.0
1,0.813953488372093,1.2209302325581395,0.4069767441860465,3.0,0.834355828220859,1.2515337423312884,1,2,2,110,1,3.0,1.0
1,0.813953488372093,2.0348837209302326,1.2209302325581395,3.0,0.8277945619335348,2.069486404833837,1,2,1,110,1,5.0,3.0
1,0.813953488372093,0.4069767441860465,-0.4069767441860465,3.0,0.8313253012048193,0.41566265060240964,1,2,2,110,1,1.0,-1.0
0,0.7692307692307692,0.0,-0.7692307692307692,3.0,0.75,0.0,1,1,1,110,0,0.0,-1.0
1,0.7692307692307692,1.5384615384615383,0.7692307692307692,3.0,0.7444444444444444,1.4888888888888887,0,1,1,110,0,2.0,1.0
1,0.813953488372093,0.813953488372093,0.0,3.0,0.8323353293413173,0.8323353293413173,1,2,1,110,1,2.0,0.0
1,0.813953488372093,1.627906976744186,0.813953488372093,3.0,0.8284023668639053,1.6568047337278107,1,2,1,110,1,4.0,2.0
0,0.813953488372093,0.4069767441860465,-0.4069767441860465,3.0,0.831858407079646,0.415929203539823,1,2,2,110,1,1.0,-1.0
1,0.813953488372093,0.4069767441860465,-0.4069767441860465,3.0,0.8352941176470589,0.4176470588235294,0,2,1,110,1,1.0,-1.0
0,0.813953488372093,0.813953488372093,0.0,3.0,0.8362573099415205,0.8362573099415205,1,2,2,110,1,2.0,0.0
0,0.7692307692307692,0.7692307692307692,0.0,3.0,0.7472527472527473,0.7472527472527473,0,1,1,110,0,1.0,0.0
1,0.813953488372093,1.2209302325581395,0.4069767441860465,3.0,0.8347826086956521,1.2521739130434781,0,2,1,110,1,3.0,1.0
1,0.7692307692307692,0.7692307692307692,0.0,3.0,0.75,0.75,1,1,1,110,0,1.0,0.0
1,0.813953488372093,1.2209302325581395,0.4069767441860465,3.0,0.8333333333333334,1.25,1,2,2,110,1,3.0,1.0
0,0.813953488372093,0.0,-0.813953488372093,3.0,0.8390804597701149,0.0,1,2,1,110,1,0.0,-2.0
1,0.813953488372093,1.2209302325581395,0.4069767441860465,3.0,0.8376068376068375,1.2564102564102564,0,2,1,110,1,3.0,1.0
1,0.813953488372093,1.2209302325581395,0.4069767441860465,3.0,0.8361581920903954,1.2542372881355932,1,2,1,110,1,3.0,1.0
1,0.813953488372093,1.2209302325581395,0.4069767441860465,3.0,0.8347338935574229,1.2521008403361344,1,2,2,110,1,3.0,1.0
1,0.813953488372093,1.2209302325581395,0.4069767441860465,3.0,0.8333333333333334,1.25,1,2,1,110,1,3.0,1.0
0,0.813953488372093,0.4069767441860465,-0.4069767441860465,3.0,0.8365650969529086,0.4182825484764543,1,2,2,110,1,1.0,-1.0
1,0.813953488372093,0.813953488372093,0.0,3.0,0.837465564738292,0.837465564738292,0,2,1,110,1,2.0,0.0
1,0.7692307692307692,0.7692307692307692,0.0,3.0,0.7526881720430108,0.7526881720430108,1,1,2,110,0,1.0,0.0
1,0.813953488372093,1.2209302325581395,0.4069767441860465,3.0,0.8360655737704918,1.2540983606557377,1,2,1,110,1,3.0,1.0
1,0.813953488372093,1.2209302325581395,0.4069767441860465,3.0,0.8346883468834688,1.2520325203252032,1,2,2,110,1,3.0,1.0
0,0.7692307692307692,0.0,-0.7692307692307692,3.0,0.7634408602150538,0.0,1,1,1,110,0,0.0,-1.0
0,0.813953488372093,0.4069767441860465,-0.4069767441860465,3.0,0.8378378378378378,0.4189189189189189,0,2,1,110,1,1.0,-1.0
1,0.813953488372093,1.2209302325581395,0.4069767441860465,3.0,0.8364611260053619,1.2546916890080428,0,2,1,110,1,3.0,1.0
1,0.813953488372093,1.627906976744186,0.813953488372093,3.0,0.8328912466843501,1.6657824933687002,1,2,2,110,1,4.0,2.0
0,0.7692307692307692,0.0,-0.7692307692307692,3.0,0.7741935483870968,0.0,1,1,2,110,0,0.0,-1.0
1,0.7692307692307692,0.7692307692307692,0.0,3.0,0.776595744680851,0.776595744680851,0,1,2,110,0,1.0,0.0
0,0.7692307692307692,0.7692307692307692,0.0,3.0,0.7789473684210526,0.7789473684210526,1,1,1,110,0,1.0,0.0
0,0.7692307692307692,0.7692307692307692,0.0,3.0,0.78125,0.78125,0,1,2,110,0,1.0,0.0
1,0.813953488372093,0.813953488372093,0.0,3.0,0.8337730870712401,0.8337730870712401,0,2,2,110,1,2.0,0.0
1,0.813953488372093,0.813953488372093,0.0,3.0,0.8346456692913385,0.8346456692913385,1,2,2,110,1,2.0,0.0
1,0.7692307692307692,3.0769230769230766,2.3076923076923075,3.0,0.7599999999999999,3.0399999999999996,1,1,2,110,0,4.0,3.0
1,0.813953488372093,2.0348837209302326,1.2209302325581395,3.0,0.8290155440414507,2.0725388601036268,1,2,2,110,1,5.0,3.0
0,0.813953488372093,0.4069767441860465,-0.4069767441860465,3.0,0.8320413436692505,0.41602067183462527,1,2,1,110,1,1.0,-1.0
0,0.7692307692307692,0.0,-0.7692307692307692,3.0,0.77,0.0,0,1,2,110,0,0.0,-1.0
1,0.7692307692307692,1.5384615384615383,0.7692307692307692,3.0,0.7647058823529411,1.5294117647058822,0,1,1,110,0,2.0,1.0
1,0.813953488372093,1.2209302325581395,0.4069767441860465,3.0,0.8307692307692307,1.2461538461538462,1,2,1,110,1,3.0,1.0
1,0.813953488372093,1.627906976744186,0.813953488372093,3.0,0.8274111675126904,1.6548223350253808,1,2,2,110,1,4.0,2.0
1,0.813953488372093,0.813953488372093,0.0,3.0,0.8282828282828283,0.8282828282828283,1,2,1,110,1,2.0,0.0
1,0.7692307692307692,1.5384615384615383,0.7692307692307692,3.0,0.7596153846153847,1.5192307692307694,1,1,1,110,0,2.0,1.0
1,0.813953488372093,0.813953488372093,0.0,3.0,0.8291457286432161,0.8291457286432161,1,2,2,110,1,2.0,0.0
1,0.813953488372093,2.0348837209302326,1.2209302325581395,3.0,0.8238213399503722,2.0595533498759306,1,2,2,110,1,5.0,3.0
0,0.813953488372093,0.4069767441860465,-0.4069767441860465,3.0,0.8267326732673267,0.41336633663366334,1,2,1,110,1,1.0,-1.0
0,0.813953488372093,0.4069767441860465,-0.4069767441860465,3.0,0.8296296296296297,0.41481481481481486,0,2,2,110,1,1.0,-1.0
0,0.7692307692307692,0.0,-0.7692307692307692,3.0,0.7692307692307692,0.0,0,1,1,110,0,0.0,-1.0
1,0.7692307692307692,0.7692307692307692,0.0,3.0,0.7714285714285715,0.7714285714285715,100,1,1,110,0,1.0,0.0
0,0.813953488372093,0.813953488372093,0.0,3.0,0.8304668304668305,0.8304668304668305,1,2,1,110,1,2.0,0.0
0,0.7692307692307692,0.0,-0.7692307692307692,3.0,0.780952380952381,0.0,0,1,2,110,0,0.0,-1.0
0,0.7692307692307692,0.0,-0.7692307692307692,3.0,0.7904761904761904,0.0,0,1,1,110,0,0.0,-1.0
0,0.813953488372093,0.813953488372093,0.0,3.0,0.8312958435207825,0.8312958435207825,0,2,2,110,1,2.0,0.0
0,0.813953488372093,0.813953488372093,0.0,3.0,0.8321167883211679,0.8321167883211679,0,2,1,110,1,2.0,0.0
1,0.7692307692307692,1.5384615384615383,0.7692307692307692,3.0,0.7850467289719627,1.5700934579439254,0,1,2,110,0,2.0,1.0
0,0.7692307692307692,0.7692307692307692,0.0,3.0,0.7870370370370371,0.7870370370370371,1,1,1,110,0,1.0,0.0
1,0.813953488372093,2.441860465116279,1.627906976744186,3.0,0.8249400479616308,2.4748201438848922,0,2,2,110,1,6.0,4.0
0,0.813953488372093,0.0,-0.813953488372093,3.0,0.8297362110311751,0.0,1,2,2,110,1,0.0,-2.0
0,0.7692307692307692,0.7692307692307692,0.0,3.0,0.7889908256880733,0.7889908256880733,0,1,1,110,0,1.0,0.0
1,0.813953488372093,1.2209302325581395,0.4069767441860465,3.0,0.8285714285714286,1.2428571428571429,0,2,1,110,1,3.0,1.0
1,0.7692307692307692,0.7692307692307692,0.0,3.0,0.7909090909090909,0.7909090909090909,1,1,2,110,0,1.0,0.0
1,0.7692307692307692,2.3076923076923075,1.5384615384615383,3.0,0.7787610619469026,2.3362831858407076,1,1,2,110,0,3.0,2.0
1,0.813953488372093,0.813953488372093,0.0,3.0,0.8293838862559242,0.8293838862559242,1,2,1,110,1,2.0,0.0
1,0.813953488372093,1.627906976744186,0.813953488372093,3.0,0.8262910798122066,1.6525821596244132,1,2,2,110,1,4.0,2.0
1,0.813953488372093,1.2209302325581395,0.4069767441860465,3.0,0.8251748251748251,1.2377622377622377,1,2,1,110,1,3.0,1.0
1,0.813953488372093,2.0348837209302326,1.2209302325581395,3.0,0.8202764976958525,2.0506912442396312,1,2,2,110,1,5.0,3.0
1,0.813953488372093,0.813953488372093,0.0,3.0,0.8211009174311927,0.8211009174311927,1,2,2,110,1,2.0,0.0
1,0.813953488372093,1.2209302325581395,0.4069767441860465,3.0,0.8200455580865603,1.2300683371298404,1,2,1,110,1,3.0,1.0
1,0.813953488372093,0.813953488372093,0.0,3.0,0.8208616780045351,0.8208616780045351,1,2,2,110,1,2.0,0.0
1,0.813953488372093,1.2209302325581395,0.4069767441860465,3.0,0.8198198198198198,1.2297297297297296,1,2,2,110,1,3.0,1.0
0,0.813953488372093,0.4069767441860465,-0.4069767441860465,3.0,0.8224719101123596,0.4112359550561798,1,2,2,110,1,1.0,-1.0
1,0.813953488372093,0.4069767441860465,-0.4069767441860465,3.0,0.8251121076233184,0.4125560538116592,0,2,2,110,1,1.0,-1.0
1,0.7692307692307692,1.5384615384615383,0.7692307692307692,3.0,0.7739130434782608,1.5478260869565217,1,1,2,110,0,2.0,1.0
0,0.813953488372093,0.4069767441860465,-0.4069767441860465,3.0,0.8277404921700223,0.41387024608501116,1,2,1,110,1,1.0,-1.0
0,0.813953488372093,0.4069767441860465,-0.4069767441860465,3.0,0.8303571428571428,0.4151785714285714,0,2,1,110,1,1.0,-1.0
1,0.813953488372093,0.813953488372093,0.0,3.0,0.8311111111111111,0.8311111111111111,0,2,1,110,1,2.0,0.0
1,0.7692307692307692,0.7692307692307692,0.0,3.0,0.7758620689655172,0.7758620689655172,1,1,2,110,0,1.0,0.0
0,0.7692307692307692,0.7692307692307692,0.0,3.0,0.7777777777777777,0.7777777777777777,1,1,2,110,0,1.0,0.0
0,0.813953488372093,0.4069767441860465,-0.4069767441860465,3.0,0.8337028824833702,0.4168514412416851,0,2,2,110,1,1.0,-1.0
1,0.7692307692307692,1.5384615384615383,0.7692307692307692,3.0,0.773109243697479,1.546218487394958,0,1,1,110,0,2.0,1.0
0,0.813953488372093,0.4069767441860465,-0.4069767441860465,3.0,0.8362831858407079,0.41814159292035397,1,2,2,110,1,1.0,-1.0
1,0.813953488372093,0.813953488372093,0.0,3.0,0.8370044052863437,0.8370044052863437,0,2,1,110,1,2.0,0.0
1,0.813953488372093,0.813953488372093,0.0,3.0,0.8377192982456141,0.8377192982456141,1,2,1,110,1,2.0,0.0
1,0.813953488372093,1.2209302325581395,0.4069767441860465,3.0,0.8366013071895425,1.2549019607843137,1,2,1,110,1,3.0,1.0
0,0.7692307692307692,0.0,-0.7692307692307692,3.0,0.7815126050420168,0.0,1,1,2,110,0,0.0,-1.0
1,0.7692307692307692,3.0769230769230766,2.3076923076923075,3.0,0.7642276422764227,3.056910569105691,0,1,1,110,0,4.0,3.0
1,0.813953488372093,1.2209302325581395,0.4069767441860465,3.0,0.8354978354978355,1.2532467532467533,1,2,1,110,1,3.0,1.0
1,0.813953488372093,1.2209302325581395,0.4069767441860465,3.0,0.8344086021505377,1.2516129032258065,1,2,1,110,1,3.0,1.0
0,0.7692307692307692,0.0,-0.7692307692307692,3.0,0.7723577235772358,0.0,1,1,1,110,0,0.0,-1.0
0,0.813953488372093,0.813953488372093,0.0,3.0,0.8351177730192719,0.8351177730192719,0,2,1,110,1,2.0,0.0
1,0.813953488372093,2.0348837209302326,1.2209302325581395,3.0,0.8305084745762712,2.0762711864406778,0,2,2,110,1,5.0,3.0
0,0.813953488372093,0.0,-0.813953488372093,3.0,0.8347457627118644,0.0,1,2,2,110,1,0.0,-2.0
1,0.813953488372093,1.627906976744186,0.813953488372093,3.0,0.8319327731092437,1.6638655462184875,0,2,2,110,1,4.0,2.0
1,0.813953488372093,1.2209302325581395,0.4069767441860465,3.0,0.8308977035490606,1.2463465553235908,1,2,2,110,1,3.0,1.0
1,0.813953488372093,1.627906976744186,0.813953488372093,3.0,0.8281573498964803,1.6563146997929605,1,2,2,110,1,4.0,2.0
1,0.813953488372093,2.441860465116279,1.627906976744186,3.0,0.8220858895705521,2.4662576687116564,1,2,2,110,1,6.0,4.0
1,0.813953488372093,1.627906976744186,0.813953488372093,3.0,0.8194726166328601,1.6389452332657202,1,2,2,110,1,4.0,2.0
0,0.7692307692307692,0.0,-0.7692307692307692,3.0,0.7804878048780488,0.0,1,1,2,110,0,0.0,-1.0
1,0.7692307692307692,1.5384615384615383,0.7692307692307692,3.0,0.7759999999999999,1.5519999999999998,0,1,1,110,0,2.0,1.0
0,0.813953488372093,0.4069767441860465,-0.4069767441860465,3.0,0.8218623481781376,0.4109311740890688,1,2,2,110,1,1.0,-1.0
1,0.7692307692307692,2.3076923076923075,1.5384615384615383,3.0,0.7656250000000001,2.296875,0,1,2,110,0,3.0,2.0
1,0.813953488372093,1.627906976744186,0.813953488372093,3.0,0.8192771084337349,1.6385542168674698,1,2,2,110,1,4.0,2.0
1,0.813953488372093,1.2209302325581395,0.4069767441860465,3.0,0.8183632734530938,1.2275449101796407,1,2,2,110,1,3.0,1.0
1,0.813953488372093,2.441860465116279,1.627906976744186,3.0,0.8126232741617357,2.437869822485207,1,2,1,110,1,6.0,4.0
1,0.813953488372093,1.2209302325581395,0.4069767441860465,3.0,0.8117647058823529,1.2176470588235295,1,2,2,110,1,3.0,1.0
1,0.813953488372093,0.813953488372093,0.0,3.0,0.8125,0.8125,1,2,1,110,1,2.0,0.0
1,0.7692307692307692,0.7692307692307692,0.0,3.0,0.7674418604651163,0.7674418604651163,1,1,1,110,0,1.0,0.0
0,0.7692307692307692,0.7692307692307692,0.0,3.0,0.7692307692307692,0.7692307692307692,1,1,2,110,0,1.0,0.0
1,0.813953488372093,0.813953488372093,0.0,3.0,0.8132295719844357,0.8132295719844357,0,2,2,110,1,2.0,0.0
0,0.813953488372093,0.813953488372093,0.0,3.0,0.813953488372093,0.813953488372093,1,2,2,110,1,2.0,0.0
