Choice,DV_Norm_Ref_Amount,DV_Norm_Value,DV_WR_Norm_Value,Day,MC_Norm_Ref_Amount,MC_Norm_Value,Prev_choice,Ref_Amount,Ref_Pos,Subj,Trial_type,Value,WTP_Ref
1,1.0352673492605233,1.2741751990898749,0.23890784982935154,1.0,0.8125,1.0,100,13.0,1,105,1,16.0,3.0
0,1.0352673492605233,1.1149032992036405,0.07963594994311718,1.0,0.8666666666666667,0.9333333333333333,1,13.0,2,105,1,14.0,1.0
0,1.0810810810810811,0.7207207207207208,-0.3603603603603604,1.0,1.5,1.0,0,6.0,2,105,0,4.0,-2.0
0,1.0810810810810811,0.5405405405405406,-0.5405405405405406,1.0,1.7142857142857142,0.8571428571428571,0,6.0,1,105,0,3.0,-3.0
1,1.0352673492605233,1.2741751990898749,0.23890784982935154,1.0,0.8478260869565217,1.0434782608695652,0,13.0,2,105,1,16.0,3.0
0,1.0352673492605233,0.875995449374289,-0.15927189988623436,1.0,0.9122807017543859,0.7719298245614035,1,13.0,2,105,1,11.0,-2.0
1,1.0810810810810811,1.6216216216216217,0.5405405405405406,1.0,1.125,1.6875,0,6.0,1,105,0,9.0,3.0
0,1.0352673492605233,1.1149032992036405,0.07963594994311718,1.0,0.9154929577464789,0.9859154929577465,1,13.0,1,105,1,14.0,1.0
0,1.0352673492605233,1.0352673492605233,0.0,1.0,0.9285714285714286,0.9285714285714286,0,13.0,1,105,1,13.0,0.0
0,1.0810810810810811,1.6216216216216217,0.5405405405405406,1.0,0.96,1.44,0,6.0,1,105,0,9.0,3.0
1,1.0352673492605233,1.2741751990898749,0.23890784982935154,1.0,0.9099999999999999,1.1199999999999999,0,13.0,2,105,1,16.0,3.0
0,1.0352673492605233,1.1149032992036405,0.07963594994311718,1.0,0.9122807017543859,0.9824561403508771,1,13.0,2,105,1,14.0,1.0
0,1.0352673492605233,0.6370875995449374,-0.3981797497155859,1.0,0.959016393442623,0.5901639344262295,0,13.0,2,105,1,8.0,-5.0
0,1.0352673492605233,1.1149032992036405,0.07963594994311718,1.0,0.9558823529411765,1.0294117647058825,0,13.0,2,105,1,14.0,1.0
0,1.0352673492605233,1.0352673492605233,0.0,1.0,0.9597315436241611,0.9597315436241611,0,13.0,2,105,1,13.0,0.0
0,1.0352673492605233,1.0352673492605233,0.0,1.0,0.9629629629629629,0.9629629629629629,0,13.0,1,105,1,13.0,0.0
0,1.0352673492605233,1.0352673492605233,0.0,1.0,0.9657142857142857,0.9657142857142857,0,13.0,2,105,1,13.0,0.0
0,1.0352673492605233,1.5130830489192264,0.4778156996587031,1.0,0.9381443298969072,1.3711340206185567,0,13.0,2,105,1,19.0,6.0
0,1.0810810810810811,1.2612612612612613,0.1801801801801802,1.0,0.9375,1.09375,0,6.0,1,105,0,7.0,1.0
0,1.0810810810810811,1.0810810810810811,0.0,1.0,0.9473684210526316,0.9473684210526316,0,6.0,2,105,0,6.0,0.0
0,1.0352673492605233,0.875995449374289,-0.15927189988623436,1.0,0.951219512195122,0.8048780487804879,0,13.0,2,105,1,11.0,-2.0
0,1.0810810810810811,1.0810810810810811,0.0,1.0,0.9545454545454546,0.9545454545454546,0,6.0,2,105,0,6.0,0.0
1,1.0352673492605233,0.875995449374289,-0.15927189988623436,1.0,0.9629629629629629,0.8148148148148148,0,13.0,2,105,1,11.0,-2.0
0,1.0810810810810811,0.1801801801801802,-0.9009009009009009,1.0,1.0666666666666667,0.17777777777777778,1,6.0,2,105,0,1.0,-5.0
0,1.0352673492605233,1.2741751990898749,0.23890784982935154,1.0,0.9525862068965517,1.1724137931034484,0,13.0,1,105,1,16.0,3.0
0,1.0352673492605233,0.875995449374289,-0.15927189988623436,1.0,0.9629629629629629,0.8148148148148148,0,13.0,1,105,1,11.0,-2.0
0,1.0810810810810811,1.2612612612612613,0.1801801801801802,1.0,1.0384615384615385,1.2115384615384615,0,6.0,1,105,0,7.0,1.0
0,1.0352673492605233,1.4334470989761092,0.3981797497155859,1.0,0.946360153256705,1.3103448275862069,0,13.0,1,105,1,18.0,5.0
0,1.0352673492605233,1.5130830489192264,0.4778156996587031,1.0,0.9285714285714286,1.3571428571428572,0,13.0,2,105,1,19.0,6.0
0,1.0352673492605233,1.1149032992036405,0.07963594994311718,1.0,0.9285714285714286,1.0,0,13.0,1,105,1,14.0,1.0
0,1.0352673492605233,0.9556313993174061,-0.07963594994311718,1.0,0.934640522875817,0.8627450980392157,0,13.0,1,105,1,12.0,-1.0
0,1.0352673492605233,0.5574516496018203,-0.4778156996587031,1.0,0.9552715654952078,0.5143769968051118,0,13.0,1,105,1,7.0,-6.0
0,1.0810810810810811,0.9009009009009009,-0.1801801801801802,1.0,1.0526315789473684,0.8771929824561403,0,6.0,1,105,0,5.0,-1.0
0,1.0810810810810811,0.3603603603603604,-0.7207207207207208,1.0,1.1186440677966103,0.3728813559322034,0,6.0,1,105,0,2.0,-4.0
1,1.0810810810810811,0.1801801801801802,-0.9009009009009009,1.0,1.2,0.2,0,6.0,1,105,0,1.0,-5.0
0,1.0810810810810811,0.7207207207207208,-0.3603603603603604,1.0,1.21875,0.8125,1,6.0,2,105,0,4.0,-2.0
0,1.0352673492605233,0.3981797497155859,-0.6370875995449374,1.0,0.9811320754716981,0.37735849056603776,0,13.0,1,105,1,5.0,-8.0
0,1.0352673492605233,1.1149032992036405,0.07963594994311718,1.0,0.9789156626506025,1.0542168674698795,0,13.0,1,105,1,14.0,1.0
0,1.0352673492605233,0.6370875995449374,-0.3981797497155859,1.0,0.9941176470588236,0.611764705882353,0,13.0,2,105,1,8.0,-5.0
0,1.0352673492605233,0.9556313993174061,-0.07963594994311718,1.0,0.9971590909090909,0.9204545454545455,0,13.0,2,105,1,12.0,-1.0
0,1.0352673492605233,0.7167235494880546,-0.3185437997724687,1.0,1.0083102493074794,0.6980609418282548,0,13.0,1,105,1,9.0,-4.0
0,1.0352673492605233,1.1149032992036405,0.07963594994311718,1.0,1.0053333333333334,1.0826666666666667,0,13.0,1,105,1,14.0,1.0
0,1.0352673492605233,1.4334470989761092,0.3981797497155859,1.0,0.9923664122137404,1.3740458015267176,0,13.0,1,105,1,18.0,5.0
0,1.0810810810810811,1.2612612612612613,0.1801801801801802,1.0,1.1830985915492958,1.3802816901408452,0,6.0,1,105,0,7.0,1.0
0,1.0352673492605233,1.353811149032992,0.3185437997724687,1.0,0.9829268292682927,1.2853658536585366,0,13.0,2,105,1,17.0,4.0
0,1.0352673492605233,1.2741751990898749,0.23890784982935154,1.0,0.9765258215962441,1.2018779342723005,0,13.0,1,105,1,16.0,3.0
0,1.0810810810810811,0.7207207207207208,-0.3603603603603604,1.0,1.2,0.8,0,6.0,2,105,0,4.0,-2.0
0,1.0352673492605233,1.1149032992036405,0.07963594994311718,1.0,0.975,1.05,0,13.0,2,105,1,14.0,1.0
0,1.0352673492605233,1.1149032992036405,0.07963594994311718,1.0,0.973568281938326,1.0484581497797356,0,13.0,1,105,1,14.0,1.0
0,1.0810810810810811,1.4414414414414416,0.3603603603603604,1.0,1.1566265060240963,1.5421686746987953,0,6.0,1,105,0,8.0,2.0
0,1.0352673492605233,0.7167235494880546,-0.3185437997724687,1.0,0.9827213822894169,0.6803455723542117,0,13.0,1,105,1,9.0,-4.0
0,1.0352673492605233,0.3981797497155859,-0.6370875995449374,1.0,1.0,0.38461538461538464,0,13.0,1,105,1,5.0,-8.0
0,1.0352673492605233,1.1149032992036405,0.07963594994311718,1.0,0.9979253112033195,1.0746887966804979,0,13.0,1,105,1,14.0,1.0
0,1.0352673492605233,0.7167235494880546,-0.3185437997724687,1.0,1.0061099796334012,0.6965376782077394,0,13.0,2,105,1,9.0,-4.0
0,1.0352673492605233,0.6370875995449374,-0.3981797497155859,1.0,1.0160320641282565,0.625250501002004,0,13.0,1,105,1,8.0,-5.0
0,1.0352673492605233,0.9556313993174061,-0.07963594994311718,1.0,1.0176125244618395,0.9393346379647749,0,13.0,1,105,1,12.0,-1.0
0,1.0810810810810811,1.0810810810810811,0.0,1.0,1.146067415730337,1.146067415730337,0,6.0,2,105,0,6.0,0.0
0,1.0810810810810811,1.6216216216216217,0.5405405405405406,1.0,1.1020408163265305,1.6530612244897958,0,6.0,1,105,0,9.0,3.0
0,1.0810810810810811,1.6216216216216217,0.5405405405405406,1.0,1.0654205607476634,1.5981308411214952,0,6.0,2,105,0,9.0,3.0
0,1.0810810810810811,0.7207207207207208,-0.3603603603603604,1.0,1.0810810810810811,0.7207207207207208,0,6.0,2,105,0,4.0,-2.0
0,1.0352673492605233,1.0352673492605233,0.0,1.0,1.0171755725190839,1.0171755725190839,0,13.0,1,105,1,13.0,0.0
0,1.0352673492605233,0.7167235494880546,-0.3185437997724687,1.0,1.024390243902439,0.7091932457786116,0,13.0,2,105,1,9.0,-4.0
0,1.0810810810810811,1.6216216216216217,0.5405405405405406,1.0,1.05,1.575,100,6.0,2,105,0,9.0,3.0
0,1.0810810810810811,1.2612612612612613,0.1801801801801802,1.0,1.0393700787401576,1.2125984251968505,0,6.0,2,105,0,7.0,1.0
0,1.0810810810810811,0.9009009009009009,-0.1801801801801802,1.0,1.0454545454545454,0.8712121212121212,0,6.0,2,105,0,5.0,-1.0
0,1.0352673492605233,1.1149032992036405,0.07963594994311718,1.0,1.0219378427787935,1.1005484460694699,0,13.0,2,105,1,14.0,1.0
1,1.0810810810810811,0.1801801801801802,-0.9009009009009009,1.0,1.0827067669172932,0.18045112781954886,0,6.0,2,105,0,1.0,-5.0
1,1.0352673492605233,1.0352673492605233,0.0,1.0,1.0214285714285716,1.0214285714285716,1,13.0,1,105,1,13.0,0.0
0,1.0352673492605233,1.1149032992036405,0.07963594994311718,1.0,1.019163763066202,1.097560975609756,1,13.0,1,105,1,14.0,1.0
0,1.0810810810810811,0.7207207207207208,-0.3603603603603604,1.0,1.094890510948905,0.7299270072992701,0,6.0,2,105,0,4.0,-2.0
0,1.0352673492605233,1.0352673492605233,0.0,1.0,1.0187393526405453,1.0187393526405453,0,13.0,1,105,1,13.0,0.0
1,1.0352673492605233,0.875995449374289,-0.15927189988623436,1.0,1.0217391304347825,0.8645484949832776,0,13.0,1,105,1,11.0,-2.0
1,1.0352673492605233,0.9556313993174061,-0.07963594994311718,1.0,1.022950819672131,0.9442622950819671,1,13.0,1,105,1,12.0,-1.0
0,1.0810810810810811,0.7207207207207208,-0.3603603603603604,1.0,1.1063829787234043,0.7375886524822695,1,6.0,1,105,0,4.0,-2.0
0,1.0352673492605233,0.9556313993174061,-0.07963594994311718,1.0,1.0241157556270095,0.9453376205787781,0,13.0,2,105,1,12.0,-1.0
1,1.0352673492605233,1.1945392491467577,0.15927189988623436,1.0,1.0204081632653061,1.1773940345368916,0,13.0,2,105,1,15.0,2.0
0,1.0352673492605233,1.1149032992036405,0.07963594994311718,1.0,1.0184331797235022,1.096774193548387,1,13.0,1,105,1,14.0,1.0
1,1.0352673492605233,1.1149032992036405,0.07963594994311718,1.0,1.0165413533834586,1.0947368421052632,0,13.0,1,105,1,14.0,1.0
0,1.0810810810810811,1.0810810810810811,0.0,1.0,1.1020408163265305,1.1020408163265305,1,6.0,2,105,0,6.0,0.0
0,1.0810810810810811,1.0810810810810811,0.0,1.0,1.0980392156862744,1.0980392156862744,0,6.0,1,105,0,6.0,0.0
0,1.0352673492605233,1.353811149032992,0.3185437997724687,1.0,1.0102639296187683,1.3211143695014664,0,13.0,2,105,1,17.0,4.0
0,1.0352673492605233,1.2741751990898749,0.23890784982935154,1.0,1.005730659025788,1.2378223495702005,0,13.0,2,105,1,16.0,3.0
0,1.0810810810810811,0.7207207207207208,-0.3603603603603604,1.0,1.10828025477707,0.7388535031847134,0,6.0,1,105,0,4.0,-2.0
0,1.0352673492605233,0.9556313993174061,-0.07963594994311718,1.0,1.0070422535211268,0.9295774647887325,0,13.0,1,105,1,12.0,-1.0
1,1.0352673492605233,1.2741751990898749,0.23890784982935154,1.0,1.0027548209366393,1.234159779614325,0,13.0,1,105,1,16.0,3.0
0,1.0810810810810811,0.3603603603603604,-0.7207207207207208,1.0,1.1320754716981132,0.37735849056603776,1,6.0,2,105,0,2.0,-4.0
0,1.0352673492605233,1.1945392491467577,0.15927189988623436,1.0,1.0,1.1538461538461537,0,13.0,1,105,1,15.0,2.0
0,1.0352673492605233,0.6370875995449374,-0.3981797497155859,1.0,1.006675567423231,0.6194926568758344,0,13.0,1,105,1,8.0,-5.0
0,1.0352673492605233,1.2741751990898749,0.23890784982935154,1.0,1.0026143790849673,1.2339869281045752,0,13.0,1,105,1,16.0,3.0
0,1.0810810810810811,1.6216216216216217,0.5405405405405406,1.0,1.1071428571428572,1.6607142857142858,0,6.0,1,105,0,9.0,3.0
1,1.0352673492605233,1.1149032992036405,0.07963594994311718,1.0,1.0012836970474968,1.0783055198973044,0,13.0,1,105,1,14.0,1.0
0,1.0810810810810811,1.2612612612612613,0.1801801801801802,1.0,1.0971428571428572,1.28,1,6.0,1,105,0,7.0,1.0
0,1.0352673492605233,1.2741751990898749,0.23890784982935154,1.0,0.9974842767295597,1.2276729559748427,0,13.0,2,105,1,16.0,3.0
0,1.0352673492605233,0.6370875995449374,-0.3981797497155859,1.0,1.00373599003736,0.6176836861768369,0,13.0,2,105,1,8.0,-5.0
1,1.0810810810810811,1.6216216216216217,0.5405405405405406,1.0,1.076086956521739,1.6141304347826086,0,6.0,1,105,0,9.0,3.0
0,1.0352673492605233,1.1149032992036405,0.07963594994311718,1.0,1.0024479804161566,1.0795593635250917,1,13.0,2,105,1,14.0,1.0
1,1.0352673492605233,0.9556313993174061,-0.07963594994311718,1.0,1.0036188178528347,0.9264173703256936,0,13.0,1,105,1,12.0,-1.0
0,1.0810810810810811,1.4414414414414416,0.3603603603603604,1.0,1.0625,1.4166666666666665,1,6.0,1,105,0,8.0,2.0
0,1.0352673492605233,1.0352673492605233,0.0,1.0,1.003562945368171,1.003562945368171,0,13.0,2,105,1,13.0,0.0
0,1.0352673492605233,0.875995449374289,-0.15927189988623436,1.0,1.0058616647127785,0.851113716295428,0,13.0,2,105,1,11.0,-2.0
0,1.0352673492605233,1.1149032992036405,0.07963594994311718,1.0,1.0046136101499423,1.0818915801614764,0,13.0,1,105,1,14.0,1.0
1,1.0352673492605233,0.7167235494880546,-0.3185437997724687,1.0,1.009132420091324,0.6986301369863014,0,13.0,2,105,1,9.0,-4.0
0,1.0352673492605233,0.4778156996587031,-0.5574516496018203,1.0,1.0170068027210883,0.46938775510204084,1,13.0,1,105,1,6.0,-7.0
0,1.0810810810810811,0.5405405405405406,-0.5405405405405406,1.0,1.0769230769230769,0.5384615384615384,0,6.0,2,105,0,3.0,-3.0
0,1.0352673492605233,1.2741751990898749,0.23890784982935154,1.0,1.0133630289532294,1.247216035634744,0,13.0,2,105,1,16.0,3.0
0,1.0810810810810811,0.1801801801801802,-0.9009009009009009,1.0,1.1020408163265305,0.18367346938775508,0,6.0,2,105,0,1.0,-5.0
0,1.0352673492605233,0.875995449374289,-0.15927189988623436,1.0,1.0154015401540155,0.8591859185918592,0,13.0,2,105,1,11.0,-2.0
0,1.0810810810810811,1.2612612612612613,0.1801801801801802,1.0,1.0935960591133005,1.2758620689655171,0,6.0,2,105,0,7.0,1.0
1,1.0810810810810811,0.7207207207207208,-0.3603603603603604,1.0,1.1014492753623188,0.7342995169082125,0,6.0,1,105,0,4.0,-2.0
0,1.0352673492605233,0.875995449374289,-0.15927189988623436,1.0,1.017391304347826,0.8608695652173912,1,13.0,1,105,1,11.0,-2.0
1,1.0352673492605233,1.1149032992036405,0.07963594994311718,1.0,1.0160599571734474,1.094218415417559,0,13.0,2,105,1,14.0,1.0
0,1.0352673492605233,1.0352673492605233,0.0,1.0,1.0158394931362198,1.0158394931362198,1,13.0,1,105,1,13.0,0.0
0,1.0352673492605233,1.353811149032992,0.3185437997724687,1.0,1.0114107883817427,1.3226141078838174,0,13.0,1,105,1,17.0,4.0
1,1.0352673492605233,1.1149032992036405,0.07963594994311718,1.0,1.0102249488752557,1.0879345603271984,0,13.0,2,105,1,14.0,1.0
0,1.0352673492605233,1.1945392491467577,0.15927189988623436,1.0,1.0080563947633434,1.163141993957704,1,13.0,2,105,1,15.0,2.0
0,1.0352673492605233,0.875995449374289,-0.15927189988623436,1.0,1.0099601593625498,0.8545816733067729,0,13.0,2,105,1,11.0,-2.0
1,1.0352673492605233,1.1945392491467577,0.15927189988623436,1.0,1.0078508341511285,1.1629048086359177,0,13.0,1,105,1,15.0,2.0
1,1.0352673492605233,1.5927189988623436,0.5574516496018203,1.0,1.0009624639076034,1.5399422521655437,1,13.0,1,105,1,20.0,7.0
0,1.0352673492605233,0.9556313993174061,-0.07963594994311718,1.0,1.0019029495718363,0.9248334919124643,1,13.0,1,105,1,12.0,-1.0
0,1.0352673492605233,1.2741751990898749,0.23890784982935154,1.0,0.9990627928772259,1.2296157450796625,0,13.0,2,105,1,16.0,3.0
1,1.0352673492605233,0.875995449374289,-0.15927189988623436,1.0,1.0009276437847867,0.8469387755102041,0,13.0,1,105,1,11.0,-2.0
0,1.0810810810810811,1.6216216216216217,0.5405405405405406,1.0,1.0833333333333333,1.625,1,6.0,2,105,0,9.0,3.0
0,1.0352673492605233,1.1149032992036405,0.07963594994311718,1.0,1.0,1.0769230769230769,0,13.0,2,105,1,14.0,1.0
1,1.0810810810810811,1.0810810810810811,0.0,1.0,1.0810810810810811,1.0810810810810811,0,6.0,1,105,0,6.0,0.0
0,1.0352673492605233,1.0352673492605233,0.0,1.0,1.0,1.0,100,13.0,1,105,1,13.0,0.0
0,1.0352673492605233,0.7167235494880546,-0.3185437997724687,1.0,1.0035906642728905,0.6947935368043088,0,13.0,2,105,1,9.0,-4.0
1,1.0352673492605233,1.1149032992036405,0.07963594994311718,1.0,1.002659574468085,1.0797872340425532,0,13.0,1,105,1,14.0,1.0
1,1.0352673492605233,1.1149032992036405,0.07963594994311718,1.0,1.001751313485114,1.0788091068301227,1,13.0,2,105,1,14.0,1.0
0,1.0352673492605233,1.2741751990898749,0.23890784982935154,1.0,0.9991364421416236,1.229706390328152,1,13.0,2,105,1,16.0,3.0
0,1.0352673492605233,0.7167235494880546,-0.3185437997724687,1.0,1.0025706940874035,0.6940874035989717,0,13.0,1,105,1,9.0,-4.0
0,1.0810810810810811,0.1801801801801802,-0.9009009009009009,1.0,1.1031390134529147,0.18385650224215244,0,6.0,1,105,0,1.0,-5.0
1,1.0352673492605233,0.9556313993174061,-0.07963594994311718,1.0,1.003392705682782,0.926208651399491,0,13.0,1,105,1,12.0,-1.0
0,1.0810810810810811,0.7207207207207208,-0.3603603603603604,1.0,1.1101321585903083,0.7400881057268722,1,6.0,2,105,0,4.0,-2.0
0,1.0352673492605233,1.1149032992036405,0.07963594994311718,1.0,1.002514668901928,1.079631181894384,0,13.0,2,105,1,14.0,1.0
0,1.0810810810810811,1.2612612612612613,0.1801801801801802,1.0,1.1025641025641026,1.2863247863247864,0,6.0,1,105,0,7.0,1.0
1,1.0352673492605233,0.5574516496018203,-0.4778156996587031,1.0,1.0075,0.5425,0,13.0,2,105,1,7.0,-6.0
0,1.0810810810810811,0.7207207207207208,-0.3603603603603604,1.0,1.1092436974789917,0.7394957983193278,1,6.0,2,105,0,4.0,-2.0
0,1.0352673492605233,0.9556313993174061,-0.07963594994311718,1.0,1.0082508250825082,0.9306930693069307,0,13.0,1,105,1,12.0,-1.0
0,1.0352673492605233,1.0352673492605233,0.0,1.0,1.0081632653061223,1.0081632653061223,0,13.0,2,105,1,13.0,0.0
0,1.0810810810810811,1.4414414414414416,0.3603603603603604,1.0,1.0975609756097562,1.4634146341463414,0,6.0,1,105,0,8.0,2.0
1,1.0352673492605233,1.1945392491467577,0.15927189988623436,1.0,1.006451612903226,1.1612903225806452,0,13.0,2,105,1,15.0,2.0
1,1.0352673492605233,1.1149032992036405,0.07963594994311718,1.0,1.0055821371610845,1.0829346092503986,1,13.0,1,105,1,14.0,1.0
0,1.0352673492605233,0.6370875995449374,-0.3981797497155859,1.0,1.0095087163232963,0.6212361331220285,1,13.0,1,105,1,8.0,-5.0
0,1.0352673492605233,1.1149032992036405,0.07963594994311718,1.0,1.0086206896551724,1.0862068965517242,0,13.0,1,105,1,14.0,1.0
0,1.0352673492605233,1.1149032992036405,0.07963594994311718,1.0,1.0077519379844961,1.0852713178294573,0,13.0,1,105,1,14.0,1.0
1,1.0352673492605233,1.2741751990898749,0.23890784982935154,1.0,1.0053598774885144,1.237366003062787,0,13.0,2,105,1,16.0,3.0
0,1.0352673492605233,1.353811149032992,0.3185437997724687,1.0,1.002267573696145,1.310657596371882,1,13.0,1,105,1,17.0,4.0
0,1.0352673492605233,0.875995449374289,-0.15927189988623436,1.0,1.0037481259370316,0.8493253373313343,0,13.0,2,105,1,11.0,-2.0
0,1.0352673492605233,1.0352673492605233,0.0,1.0,1.0037119524870082,1.0037119524870082,0,13.0,1,105,1,13.0,0.0
1,1.0810810810810811,1.6216216216216217,0.5405405405405406,1.0,1.0823529411764705,1.6235294117647059,0,6.0,1,105,0,9.0,3.0
1,1.0352673492605233,0.7963594994311718,-0.23890784982935154,1.0,1.0058953574060427,0.7737656595431098,1,13.0,1,105,1,10.0,-3.0
0,1.0352673492605233,0.9556313993174061,-0.07963594994311718,1.0,1.0065741417092768,0.929145361577794,1,13.0,2,105,1,12.0,-1.0
0,1.0352673492605233,0.9556313993174061,-0.07963594994311718,1.0,1.0072411296162203,0.9297610427226648,0,13.0,1,105,1,12.0,-1.0
1,1.0352673492605233,1.0352673492605233,0.0,1.0,1.0071736011477763,1.0071736011477763,0,13.0,1,105,1,13.0,0.0
0,1.0352673492605233,0.5574516496018203,-0.4778156996587031,1.0,1.0114204139900071,0.5446109921484653,1,13.0,1,105,1,7.0,-6.0
0,1.0810810810810811,0.3603603603603604,-0.7207207207207208,1.0,1.0972762645914398,0.36575875486381326,0,6.0,2,105,0,2.0,-4.0
0,1.0352673492605233,1.1149032992036405,0.07963594994311718,1.0,1.010600706713781,1.088339222614841,0,13.0,1,105,1,14.0,1.0
0,1.0352673492605233,1.0352673492605233,0.0,1.0,1.0105042016806722,1.0105042016806722,0,13.0,2,105,1,13.0,0.0
0,1.0810810810810811,1.2612612612612613,0.1801801801801802,1.0,1.0909090909090908,1.2727272727272727,0,6.0,1,105,0,7.0,1.0
0,1.0352673492605233,1.1149032992036405,0.07963594994311718,1.0,1.0097087378640777,1.087378640776699,0,13.0,2,105,1,14.0,1.0
1,1.0810810810810811,0.7207207207207208,-0.3603603603603604,1.0,1.0970149253731343,0.7313432835820896,0,6.0,1,105,0,4.0,-2.0
0,1.0352673492605233,1.1945392491467577,0.15927189988623436,1.0,1.0082361015785861,1.1633493479752917,1,13.0,2,105,1,15.0,2.0
0,1.0352673492605233,0.3981797497155859,-0.6370875995449374,1.0,1.0136798905608755,0.3898768809849521,0,13.0,1,105,1,5.0,-8.0
0,1.0352673492605233,1.0352673492605233,0.0,1.0,1.0135593220338983,1.0135593220338983,0,13.0,1,105,1,13.0,0.0
1,1.0810810810810811,1.6216216216216217,0.5405405405405406,1.0,1.0830324909747293,1.6245487364620939,0,6.0,1,105,0,9.0,3.0
0,1.0352673492605233,1.1149032992036405,0.07963594994311718,1.0,1.012760241773002,1.0906648757555406,1,13.0,2,105,1,14.0,1.0
0,1.0352673492605233,0.6370875995449374,-0.3981797497155859,1.0,1.0160320641282565,0.625250501002004,0,13.0,2,105,1,8.0,-5.0
1,1.0352673492605233,1.2741751990898749,0.23890784982935154,1.0,1.0138797091870455,1.2478519497686715,0,13.0,2,105,1,16.0,3.0
1,1.0810810810810811,1.0810810810810811,0.0,1.0,1.0812720848056538,1.0812720848056538,1,6.0,1,105,0,6.0,0.0
0,1.0810810810810811,1.6216216216216217,0.5405405405405406,1.0,1.0684931506849316,1.6027397260273974,1,6.0,2,105,0,9.0,3.0
1,1.0352673492605233,0.5574516496018203,-0.4778156996587031,1.0,1.0177631578947368,0.5480263157894737,0,13.0,2,105,1,7.0,-6.0
0,1.0810810810810811,1.0810810810810811,0.0,1.0,1.0671140939597314,1.0671140939597314,1,6.0,2,105,0,6.0,0.0
0,1.0352673492605233,0.9556313993174061,-0.07963594994311718,1.0,1.0182767624020888,0.9399477806788511,0,13.0,2,105,1,12.0,-1.0
0,1.0352673492605233,1.2741751990898749,0.23890784982935154,1.0,1.0161498708010337,1.2506459948320414,0,13.0,2,105,1,16.0,3.0
0,1.0352673492605233,1.353811149032992,0.3185437997724687,1.0,1.0134185303514378,1.3252396166134186,0,13.0,1,105,1,17.0,4.0
0,1.0810810810810811,0.7207207207207208,-0.3603603603603604,1.0,1.0728476821192052,0.7152317880794702,0,6.0,2,105,0,4.0,-2.0
1,1.0810810810810811,1.2612612612612613,0.1801801801801802,1.0,1.0679611650485437,1.2459546925566343,0,6.0,1,105,0,7.0,1.0
0,1.0810810810810811,1.0810810810810811,0.0,1.0,1.0666666666666667,1.0666666666666667,1,6.0,1,105,0,6.0,0.0
1,1.0352673492605233,1.2741751990898749,0.23890784982935154,1.0,1.0113851992409868,1.2447817836812145,0,13.0,2,105,1,16.0,3.0
0,1.0810810810810811,0.9009009009009009,-0.1801801801801802,1.0,1.06875,0.890625,1,6.0,1,105,0,5.0,-1.0
0,1.0810810810810811,0.5405405405405406,-0.5405405405405406,1.0,1.0773993808049536,0.5386996904024768,0,6.0,1,105,0,3.0,-3.0
1,1.0810810810810811,0.1801801801801802,-0.9009009009009009,1.0,1.0925925925925928,0.18209876543209877,0,6.0,2,105,0,1.0,-5.0
1,1.0352673492605233,1.4334470989761092,0.3981797497155859,1.0,1.0081300813008132,1.3958724202626642,1,13.0,2,105,1,18.0,5.0
0,1.0810810810810811,1.6216216216216217,0.5405405405405406,1.0,1.0810810810810811,1.6216216216216217,1,6.0,1,105,0,9.0,3.0
0,1.0352673492605233,0.9556313993174061,-0.07963594994311718,1.0,1.0086902545003105,0.931098696461825,0,13.0,2,105,1,12.0,-1.0
0,1.0352673492605233,1.353811149032992,0.3185437997724687,1.0,1.0061425061425062,1.3157248157248156,0,13.0,1,105,1,17.0,4.0
0,1.0810810810810811,0.3603603603603604,-0.7207207207207208,1.0,1.0925373134328358,0.3641791044776119,100,6.0,1,105,0,2.0,-4.0
0,1.0810810810810811,1.0810810810810811,0.0,1.0,1.0909090909090908,1.0909090909090908,0,6.0,1,105,0,6.0,0.0
0,1.0352673492605233,1.4334470989761092,0.3981797497155859,1.0,1.003037667071689,1.3888213851761846,0,13.0,2,105,1,18.0,5.0
1,1.0352673492605233,0.875995449374289,-0.15927189988623436,1.0,1.0042245021122511,0.8497284248642124,0,13.0,1,105,1,11.0,-2.0
1,1.0352673492605233,1.0352673492605233,0.0,1.0,1.004191616766467,1.004191616766467,1,13.0,2,105,1,13.0,0.0
0,1.0810810810810811,1.0810810810810811,0.0,1.0,1.0893371757925072,1.0893371757925072,1,6.0,1,105,0,6.0,0.0
0,1.0352673492605233,0.9556313993174061,-0.07963594994311718,1.0,1.004756242568371,0.9274673008323424,0,13.0,2,105,1,12.0,-1.0
0,1.0810810810810811,0.5405405405405406,-0.5405405405405406,1.0,1.0971428571428572,0.5485714285714286,0,6.0,1,105,0,3.0,-3.0
1,1.0352673492605233,0.7167235494880546,-0.3185437997724687,1.0,1.0070963926670609,0.6972205795387345,0,13.0,2,105,1,9.0,-4.0
1,1.0352673492605233,0.7167235494880546,-0.3185437997724687,1.0,1.0094117647058825,0.6988235294117647,1,13.0,2,105,1,9.0,-4.0
1,1.0352673492605233,0.7167235494880546,-0.3185437997724687,1.0,1.0117027501462843,0.70040959625512,1,13.0,1,105,1,9.0,-4.0
1,1.0810810810810811,0.7207207207207208,-0.3603603603603604,1.0,1.1016949152542372,0.7344632768361582,1,6.0,1,105,0,4.0,-2.0
1,1.0352673492605233,1.0352673492605233,0.0,1.0,1.0116144018583044,1.0116144018583044,1,13.0,2,105,1,13.0,0.0
0,1.0810810810810811,1.2612612612612613,0.1801801801801802,1.0,1.0969529085872576,1.2797783933518005,1,6.0,2,105,0,7.0,1.0
1,1.0352673492605233,0.7167235494880546,-0.3185437997724687,1.0,1.0138648180242633,0.7019064124783362,0,13.0,1,105,1,9.0,-4.0
1,1.0810810810810811,1.0810810810810811,0.0,1.0,1.0953678474114443,1.0953678474114443,1,6.0,2,105,0,6.0,0.0
0,1.0352673492605233,0.6370875995449374,-0.3981797497155859,1.0,1.0166762507188039,0.6256469235192639,1,13.0,1,105,1,8.0,-5.0
1,1.0352673492605233,1.1149032992036405,0.07963594994311718,1.0,1.0159726183685112,1.094124358243012,0,13.0,2,105,1,14.0,1.0
1,1.0810810810810811,1.6216216216216217,0.5405405405405406,1.0,1.0851063829787235,1.627659574468085,1,6.0,2,105,0,9.0,3.0
0,1.0352673492605233,0.7167235494880546,-0.3185437997724687,1.0,1.018161180476731,0.7048808172531215,1,13.0,1,105,1,9.0,-4.0
0,1.0352673492605233,0.7167235494880546,-0.3185437997724687,1.0,1.0203274985883681,0.7063805759457934,0,13.0,2,105,1,9.0,-4.0
0,1.0352673492605233,1.1149032992036405,0.07963594994311718,1.0,1.0196078431372548,1.0980392156862746,0,13.0,2,105,1,14.0,1.0
0,1.0810810810810811,0.7207207207207208,-0.3603603603603604,1.0,1.0894736842105264,0.7263157894736842,0,6.0,2,105,0,4.0,-2.0
1,1.0352673492605233,0.7167235494880546,-0.3185437997724687,1.0,1.0217391304347825,0.7073578595317725,0,13.0,2,105,1,9.0,-4.0
0,1.0352673492605233,1.1149032992036405,0.07963594994311718,1.0,1.0210176991150441,1.0995575221238938,1,13.0,2,105,1,14.0,1.0
0,1.0352673492605233,0.6370875995449374,-0.3981797497155859,1.0,1.0236784140969162,0.6299559471365639,0,13.0,1,105,1,8.0,-5.0
1,1.0810810810810811,1.6216216216216217,0.5405405405405406,1.0,1.0796915167095116,1.6195372750642674,0,6.0,1,105,0,9.0,3.0
1,1.0352673492605233,0.3981797497155859,-0.6370875995449374,1.0,1.028006589785832,0.39538714991762763,1,13.0,1,105,1,5.0,-8.0
0,1.0352673492605233,0.6370875995449374,-0.3981797497155859,1.0,1.0306178239475123,0.6342263531984691,1,13.0,2,105,1,8.0,-5.0
0,1.0352673492605233,1.1149032992036405,0.07963594994311718,1.0,1.0298426478567553,1.1090613130765057,0,13.0,2,105,1,14.0,1.0
1,1.0810810810810811,1.2612612612612613,0.1801801801801802,1.0,1.075757575757576,1.2550505050505052,0,6.0,2,105,0,7.0,1.0
0,1.0352673492605233,1.1149032992036405,0.07963594994311718,1.0,1.0290791599353797,1.1082390953150243,1,13.0,1,105,1,14.0,1.0
0,1.0352673492605233,0.875995449374289,-0.15927189988623436,1.0,1.0299785867237687,0.8715203426124197,0,13.0,2,105,1,11.0,-2.0
0,1.0352673492605233,0.9556313993174061,-0.07963594994311718,1.0,1.0303191489361703,0.951063829787234,0,13.0,1,105,1,12.0,-1.0
0,1.0352673492605233,1.1149032992036405,0.07963594994311718,1.0,1.0295670538542767,1.1087645195353748,0,13.0,1,105,1,14.0,1.0
0,1.0810810810810811,1.4414414414414416,0.3603603603603604,1.0,1.0693069306930694,1.425742574257426,0,6.0,1,105,0,8.0,2.0
0,1.0810810810810811,1.6216216216216217,0.5405405405405406,1.0,1.0605326876513317,1.5907990314769975,0,6.0,2,105,0,9.0,3.0
0,1.0352673492605233,0.7167235494880546,-0.3185437997724687,1.0,1.0315291644771414,0.7141355754072517,0,13.0,1,105,1,9.0,-4.0
0,1.0352673492605233,0.7167235494880546,-0.3185437997724687,1.0,1.0334728033472802,0.7154811715481171,0,13.0,1,105,1,9.0,-4.0
0,1.0810810810810811,0.7207207207207208,-0.3603603603603604,1.0,1.064748201438849,0.709832134292566,0,6.0,1,105,0,4.0,-2.0
0,1.0352673492605233,0.875995449374289,-0.15927189988623436,1.0,1.0343213728549143,0.875195007800312,0,13.0,1,105,1,11.0,-2.0
1,1.0352673492605233,0.7167235494880546,-0.3185437997724687,1.0,1.036231884057971,0.7173913043478262,0,13.0,1,105,1,9.0,-4.0
1,1.0352673492605233,1.1149032992036405,0.07963594994311718,1.0,1.0354573484069887,1.1151079136690647,1,13.0,2,105,1,14.0,1.0
0,1.0352673492605233,1.0352673492605233,0.0,1.0,1.0352220520673812,1.0352220520673812,1,13.0,2,105,1,13.0,0.0
0,1.0352673492605233,1.1149032992036405,0.07963594994311718,1.0,1.0344652812975166,1.1140395337050177,0,13.0,2,105,1,14.0,1.0
0,1.0352673492605233,1.2741751990898749,0.23890784982935154,1.0,1.0326797385620914,1.2709904474610356,0,13.0,2,105,1,16.0,3.0
0,1.0352673492605233,0.7167235494880546,-0.3185437997724687,1.0,1.0345345345345345,0.7162162162162162,0,13.0,2,105,1,9.0,-4.0
0,1.0352673492605233,1.0352673492605233,0.0,1.0,1.0343112879164595,1.0343112879164595,0,13.0,2,105,1,13.0,0.0
0,1.0352673492605233,1.0352673492605233,0.0,1.0,1.0340909090909092,1.0340909090909092,0,13.0,2,105,1,13.0,0.0
0,1.0352673492605233,0.4778156996587031,-0.5574516496018203,1.0,1.0374384236453202,0.4788177339901478,0,13.0,2,105,1,6.0,-7.0
1,1.0352673492605233,1.1945392491467577,0.15927189988623436,1.0,1.0361858190709046,1.19559902200489,0,13.0,1,105,1,15.0,2.0
0,1.0352673492605233,0.875995449374289,-0.15927189988623436,1.0,1.036964980544747,0.877431906614786,1,13.0,2,105,1,11.0,-2.0
0,1.0352673492605233,0.7167235494880546,-0.3185437997724687,1.0,1.0387409200968523,0.7191283292978208,0,13.0,2,105,1,9.0,-4.0
0,1.0810810810810811,0.9009009009009009,-0.1801801801801802,1.0,1.066350710900474,0.8886255924170615,0,6.0,2,105,0,5.0,-1.0
0,1.0810810810810811,1.6216216216216217,0.5405405405405406,1.0,1.0580046403712295,1.5870069605568444,0,6.0,2,105,0,9.0,3.0
0,1.0352673492605233,0.3981797497155859,-0.6370875995449374,1.0,1.0425120772946859,0.40096618357487923,0,13.0,1,105,1,5.0,-8.0
0,1.0810810810810811,0.1801801801801802,-0.9009009009009009,1.0,1.0694444444444444,0.17824074074074073,0,6.0,2,105,0,1.0,-5.0
1,1.0810810810810811,0.1801801801801802,-0.9009009009009009,1.0,1.0808314087759816,0.18013856812933027,0,6.0,1,105,0,1.0,-5.0
0,1.0810810810810811,0.7207207207207208,-0.3603603603603604,1.0,1.0846681922196797,0.7231121281464531,1,6.0,1,105,0,4.0,-2.0
1,1.0352673492605233,1.2741751990898749,0.23890784982935154,1.0,1.0407478427612655,1.2809204218600192,0,13.0,2,105,1,16.0,3.0
0,1.0810810810810811,1.2612612612612613,0.1801801801801802,1.0,1.0810810810810811,1.2612612612612613,1,6.0,2,105,0,7.0,1.0
0,1.0352673492605233,1.1945392491467577,0.15927189988623436,1.0,1.039504997620181,1.199428843407901,0,13.0,2,105,1,15.0,2.0
0,1.0352673492605233,1.1945392491467577,0.15927189988623436,1.0,1.0382797731568998,1.1980151228733458,100,13.0,2,105,1,15.0,2.0
0,1.0810810810810811,1.2612612612612613,0.1801801801801802,1.0,1.0776053215077606,1.2572062084257207,0,6.0,2,105,0,7.0,1.0
0,1.0352673492605233,1.2741751990898749,0.23890784982935154,1.0,1.0365853658536586,1.275797373358349,0,13.0,2,105,1,16.0,3.0
0,1.0352673492605233,1.353811149032992,0.3185437997724687,1.0,1.034434620753839,1.3527221963704048,0,13.0,2,105,1,17.0,4.0
1,1.0810810810810811,1.2612612612612613,0.1801801801801802,1.0,1.074235807860262,1.2532751091703058,0,6.0,2,105,0,7.0,1.0
0,1.0352673492605233,1.2741751990898749,0.23890784982935154,1.0,1.0327944572748269,1.2711316397228638,1,13.0,2,105,1,16.0,3.0
1,1.0352673492605233,1.0352673492605233,0.0,1.0,1.0325987144168962,1.0325987144168962,0,13.0,1,105,1,13.0,0.0
0,1.0352673492605233,0.7963594994311718,-0.23890784982935154,1.0,1.0338208409506398,0.7952468007312614,1,13.0,1,105,1,10.0,-3.0
0,1.0352673492605233,1.1149032992036405,0.07963594994311718,1.0,1.0331516802906449,1.1126248864668482,0,13.0,1,105,1,14.0,1.0
0,1.0352673492605233,0.9556313993174061,-0.07963594994311718,1.0,1.033423667570009,0.9539295392953929,0,13.0,1,105,1,12.0,-1.0
1,1.0352673492605233,1.1149032992036405,0.07963594994311718,1.0,1.0327648114901256,1.1122082585278277,0,13.0,2,105,1,14.0,1.0
0,1.0810810810810811,0.7207207207207208,-0.3603603603603604,1.0,1.077922077922078,0.7186147186147186,1,6.0,1,105,0,4.0,-2.0
1,1.0352673492605233,0.875995449374289,-0.15927189988623436,1.0,1.033497096918267,0.8744975435462259,0,13.0,1,105,1,11.0,-2.0
0,1.0810810810810811,1.0810810810810811,0.0,1.0,1.0769230769230769,1.0769230769230769,1,6.0,1,105,0,6.0,0.0
1,1.0352673492605233,1.1149032992036405,0.07963594994311718,1.0,1.0328450954283177,1.112294718153573,0,13.0,1,105,1,14.0,1.0
0,1.0810810810810811,1.6216216216216217,0.5405405405405406,1.0,1.069182389937107,1.6037735849056605,1,6.0,2,105,0,9.0,3.0
0,1.0352673492605233,0.6370875995449374,-0.3981797497155859,1.0,1.034940291906236,0.6368863334807607,0,13.0,1,105,1,8.0,-5.0
0,1.0810810810810811,0.7207207207207208,-0.3603603603603604,1.0,1.0727650727650728,0.7151767151767151,0,6.0,2,105,0,4.0,-2.0
1,1.0810810810810811,0.7207207207207208,-0.3603603603603604,1.0,1.0762886597938144,0.7175257731958762,0,6.0,2,105,0,4.0,-2.0
0,1.0352673492605233,1.1149032992036405,0.07963594994311718,1.0,1.0342857142857143,1.113846153846154,1,13.0,2,105,1,14.0,1.0
0,1.0352673492605233,1.2741751990898749,0.23890784982935154,1.0,1.0327367961588827,1.2710606721955477,0,13.0,1,105,1,16.0,3.0
0,1.0810810810810811,0.7207207207207208,-0.3603603603603604,1.0,1.0797546012269938,0.7198364008179959,0,6.0,1,105,0,4.0,-2.0
1,1.0352673492605233,0.7167235494880546,-0.3185437997724687,1.0,1.0343478260869565,0.7160869565217391,0,13.0,1,105,1,9.0,-4.0
0,1.0352673492605233,0.7963594994311718,-0.23890784982935154,1.0,1.0354978354978355,0.7965367965367965,1,13.0,1,105,1,10.0,-3.0
1,1.0352673492605233,0.6370875995449374,-0.3981797497155859,1.0,1.037532355478861,0.6384814495254529,0,13.0,2,105,1,8.0,-5.0
0,1.0352673492605233,1.2741751990898749,0.23890784982935154,1.0,1.0359897172236503,1.275064267352185,1,13.0,1,105,1,16.0,3.0
0,1.0810810810810811,0.1801801801801802,-0.9009009009009009,1.0,1.089795918367347,0.1816326530612245,0,6.0,2,105,0,1.0,-5.0
0,1.0352673492605233,1.2741751990898749,0.23890784982935154,1.0,1.034468085106383,1.2731914893617022,0,13.0,1,105,1,16.0,3.0
0,1.0810810810810811,1.2612612612612613,0.1801801801801802,1.0,1.0865191146881288,1.267605633802817,0,6.0,2,105,0,7.0,1.0
0,1.0352673492605233,0.875995449374289,-0.15927189988623436,1.0,1.035154595510377,0.8759000423549345,0,13.0,2,105,1,11.0,-2.0
1,1.0810810810810811,0.1801801801801802,-0.9009009009009009,1.0,1.0963855421686748,0.1827309236947791,0,6.0,2,105,0,1.0,-5.0
0,1.0810810810810811,0.3603603603603604,-0.7207207207207208,1.0,1.1039999999999999,0.368,1,6.0,2,105,0,2.0,-4.0
0,1.0352673492605233,0.5574516496018203,-0.4778156996587031,1.0,1.0375844594594594,0.5586993243243243,0,13.0,1,105,1,7.0,-6.0
0,1.0352673492605233,0.875995449374289,-0.15927189988623436,1.0,1.0382513661202186,0.8785203867171081,0,13.0,1,105,1,11.0,-2.0
0,1.0352673492605233,0.875995449374289,-0.15927189988623436,1.0,1.0389121338912133,0.8790794979079497,0,13.0,1,105,1,11.0,-2.0
1,1.0352673492605233,1.353811149032992,0.3185437997724687,1.0,1.0369754881595346,1.356044869131699,0,13.0,2,105,1,17.0,4.0
1,1.0352673492605233,1.1945392491467577,0.15927189988623436,1.0,1.0359207266721717,1.195293146160198,1,13.0,2,105,1,15.0,2.0
0,1.0352673492605233,0.7167235494880546,-0.3185437997724687,1.0,1.0374331550802138,0.7182229535170712,1,13.0,1,105,1,9.0,-4.0
1,1.0352673492605233,1.0352673492605233,0.0,1.0,1.0372340425531914,1.0372340425531914,0,13.0,1,105,1,13.0,0.0
0,1.0352673492605233,1.1945392491467577,0.15927189988623436,1.0,1.0361935746238309,1.1956079707198048,1,13.0,1,105,1,15.0,2.0
1,1.0352673492605233,1.2741751990898749,0.23890784982935154,1.0,1.0347474747474747,1.2735353535353535,0,13.0,1,105,1,16.0,3.0
0,1.0352673492605233,0.875995449374289,-0.15927189988623436,1.0,1.0353982300884956,0.8761061946902655,1,13.0,2,105,1,11.0,-2.0
0,1.0352673492605233,1.1149032992036405,0.07963594994311718,1.0,1.0348,1.1143999999999998,0,13.0,1,105,1,14.0,1.0
0,1.0810810810810811,1.6216216216216217,0.5405405405405406,1.0,1.0962671905697448,1.644400785854617,0,6.0,1,105,0,9.0,3.0
1,1.0352673492605233,0.875995449374289,-0.15927189988623436,1.0,1.0354440461967345,0.8761449621664675,0,13.0,1,105,1,11.0,-2.0
1,1.0810810810810811,1.6216216216216217,0.5405405405405406,1.0,1.0888030888030888,1.6332046332046333,1,6.0,2,105,0,9.0,3.0
1,1.0810810810810811,1.0810810810810811,0.0,1.0,1.0877862595419847,1.0877862595419847,1,6.0,2,105,0,6.0,0.0
0,1.0352673492605233,0.4778156996587031,-0.5574516496018203,1.0,1.0381406436233611,0.47914183551847433,1,13.0,1,105,1,6.0,-7.0
1,1.0352673492605233,1.0352673492605233,0.0,1.0,1.0379446640316206,1.0379446640316206,0,13.0,2,105,1,13.0,0.0
0,1.0352673492605233,1.1149032992036405,0.07963594994311718,1.0,1.0373427672955975,1.117138364779874,1,13.0,1,105,1,14.0,1.0
1,1.0810810810810811,1.0810810810810811,0.0,1.0,1.0867924528301887,1.0867924528301887,0,6.0,2,105,0,6.0,0.0
0,1.0352673492605233,1.1149032992036405,0.07963594994311718,1.0,1.0367474589523065,1.1164972634870993,1,13.0,2,105,1,14.0,1.0
0,1.0810810810810811,1.4414414414414416,0.3603603603603604,1.0,1.0817843866171004,1.4423791821561338,0,6.0,2,105,0,8.0,2.0
0,1.0352673492605233,0.7167235494880546,-0.3185437997724687,1.0,1.0381768601480328,0.7187378262563304,0,13.0,1,105,1,9.0,-4.0
0,1.0352673492605233,1.1149032992036405,0.07963594994311718,1.0,1.037582332429291,1.1173963580007749,0,13.0,2,105,1,14.0,1.0
1,1.0352673492605233,1.1149032992036405,0.07963594994311718,1.0,1.0369942196531792,1.1167630057803468,0,13.0,1,105,1,14.0,1.0
0,1.0810810810810811,0.9009009009009009,-0.1801801801801802,1.0,1.0828729281767957,0.9023941068139963,1,6.0,1,105,0,5.0,-1.0
1,1.0810810810810811,1.6216216216216217,0.5405405405405406,1.0,1.076086956521739,1.6141304347826086,0,6.0,1,105,0,9.0,3.0
0,1.0352673492605233,1.2741751990898749,0.23890784982935154,1.0,1.0356185369590196,1.2746074301034087,1,13.0,2,105,1,16.0,3.0
1,1.0352673492605233,0.6370875995449374,-0.3981797497155859,1.0,1.0374188621611302,0.6384116074837723,0,13.0,1,105,1,8.0,-5.0
0,1.0810810810810811,0.5405405405405406,-0.5405405405405406,1.0,1.0810810810810811,0.5405405405405406,1,6.0,1,105,0,3.0,-3.0
1,1.0352673492605233,1.4334470989761092,0.3981797497155859,1.0,1.0352673492605233,1.4334470989761092,0,13.0,1,105,1,18.0,5.0
1,1.2444444444444445,0.0,-1.2444444444444445,2.0,4.0,0.0,100,4.0,1,105,1,0.0,-4.0
0,1.2444444444444445,0.0,-1.2444444444444445,2.0,4.0,0.0,1,4.0,2,105,1,0.0,-4.0
0,1.2444444444444445,1.5555555555555556,0.3111111111111111,2.0,2.4,3.0,0,4.0,2,105,1,5.0,1.0
1,0.9756097560975611,1.9512195121951221,0.9756097560975611,2.0,0.5,1.0,0,2.0,1,105,0,4.0,2.0
1,0.9756097560975611,1.9512195121951221,0.9756097560975611,2.0,0.5,1.0,1,2.0,2,105,0,4.0,2.0
0,1.2444444444444445,0.6222222222222222,-0.6222222222222222,2.0,2.2857142857142856,1.1428571428571428,1,4.0,2,105,1,2.0,-2.0
1,1.2444444444444445,0.0,-1.2444444444444445,2.0,2.857142857142857,0.0,0,4.0,1,105,1,0.0,-4.0
1,1.2444444444444445,0.0,-1.2444444444444445,2.0,3.4285714285714284,0.0,1,4.0,1,105,1,0.0,-4.0
1,1.2444444444444445,0.0,-1.2444444444444445,2.0,4.0,0.0,1,4.0,1,105,1,0.0,-4.0
1,0.9756097560975611,1.9512195121951221,0.9756097560975611,2.0,0.5,1.0,1,2.0,1,105,0,4.0,2.0
1,1.2444444444444445,2.1777777777777776,0.9333333333333333,2.0,2.2857142857142856,4.0,1,4.0,2,105,1,7.0,3.0
1,1.2444444444444445,0.0,-1.2444444444444445,2.0,2.571428571428571,0.0,1,4.0,2,105,1,0.0,-4.0
1,1.2444444444444445,2.8,1.5555555555555556,2.0,1.7391304347826089,3.91304347826087,1,4.0,2,105,1,9.0,5.0
0,1.2444444444444445,0.0,-1.2444444444444445,2.0,1.9130434782608696,0.0,1,4.0,2,105,1,0.0,-4.0
1,1.2444444444444445,1.5555555555555556,0.3111111111111111,2.0,1.7142857142857142,2.142857142857143,0,4.0,2,105,1,5.0,1.0
0,0.9756097560975611,0.0,-0.9756097560975611,2.0,0.6666666666666666,0.0,1,2.0,1,105,0,0.0,-2.0
0,1.2444444444444445,0.0,-1.2444444444444445,2.0,1.8571428571428572,0.0,0,4.0,2,105,1,0.0,-4.0
1,0.9756097560975611,1.9512195121951221,0.9756097560975611,2.0,0.625,1.25,0,2.0,2,105,0,4.0,2.0
1,0.9756097560975611,4.390243902439025,3.414634146341464,2.0,0.48,2.1599999999999997,1,2.0,1,105,0,9.0,7.0
0,0.9756097560975611,0.0,-0.9756097560975611,2.0,0.5599999999999999,0.0,1,2.0,2,105,0,0.0,-2.0
1,1.2444444444444445,1.5555555555555556,0.3111111111111111,2.0,1.696969696969697,2.121212121212121,0,4.0,2,105,1,5.0,1.0
0,1.2444444444444445,0.9333333333333333,-0.3111111111111111,2.0,1.6666666666666667,1.25,1,4.0,2,105,1,3.0,-1.0
1,1.2444444444444445,0.9333333333333333,-0.3111111111111111,2.0,1.641025641025641,1.2307692307692308,0,4.0,2,105,1,3.0,-1.0
1,1.2444444444444445,0.0,-1.2444444444444445,2.0,1.7435897435897436,0.0,1,4.0,2,105,1,0.0,-4.0
1,1.2444444444444445,1.5555555555555556,0.3111111111111111,2.0,1.6363636363636362,2.0454545454545454,1,4.0,1,105,1,5.0,1.0
0,1.2444444444444445,0.0,-1.2444444444444445,2.0,1.7272727272727273,0.0,1,4.0,1,105,1,0.0,-4.0
0,0.9756097560975611,0.0,-0.9756097560975611,2.0,0.64,0.0,0,2.0,1,105,0,0.0,-2.0
1,0.9756097560975611,1.9512195121951221,0.9756097560975611,2.0,0.6206896551724138,1.2413793103448276,0,2.0,1,105,0,4.0,2.0
1,0.9756097560975611,0.0,-0.9756097560975611,2.0,0.6896551724137931,0.0,1,2.0,2,105,0,0.0,-2.0
0,1.2444444444444445,0.0,-1.2444444444444445,2.0,1.8181818181818181,0.0,1,4.0,1,105,1,0.0,-4.0
0,1.2444444444444445,0.0,-1.2444444444444445,2.0,1.909090909090909,0.0,0,4.0,1,105,1,0.0,-4.0
1,1.2444444444444445,2.8,1.5555555555555556,2.0,1.660377358490566,3.7358490566037736,0,4.0,1,105,1,9.0,5.0
0,0.9756097560975611,0.0,-0.9756097560975611,2.0,0.7586206896551725,0.0,1,2.0,1,105,0,0.0,-2.0
1,0.9756097560975611,1.9512195121951221,0.9756097560975611,2.0,0.7272727272727273,1.4545454545454546,0,2.0,1,105,0,4.0,2.0
0,0.9756097560975611,0.0,-0.9756097560975611,2.0,0.787878787878788,0.0,1,2.0,1,105,0,0.0,-2.0
1,1.2444444444444445,1.5555555555555556,0.3111111111111111,2.0,1.586206896551724,1.982758620689655,0,4.0,2,105,1,5.0,1.0
0,0.9756097560975611,0.0,-0.9756097560975611,2.0,0.8484848484848485,0.0,1,2.0,1,105,0,0.0,-2.0
0,0.9756097560975611,0.9756097560975611,0.0,2.0,0.8571428571428571,0.8571428571428571,0,2.0,1,105,0,2.0,0.0
1,1.2444444444444445,1.5555555555555556,0.3111111111111111,2.0,1.5238095238095237,1.9047619047619047,0,4.0,2,105,1,5.0,1.0
1,1.2444444444444445,2.8,1.5555555555555556,2.0,1.3888888888888888,3.125,1,4.0,2,105,1,9.0,5.0
0,0.9756097560975611,0.9756097560975611,0.0,2.0,0.8648648648648649,0.8648648648648649,1,2.0,1,105,0,2.0,0.0
0,1.2444444444444445,0.6222222222222222,-0.6222222222222222,2.0,1.4054054054054053,0.7027027027027026,0,4.0,1,105,1,2.0,-2.0
1,1.2444444444444445,1.2444444444444445,0.0,2.0,1.3846153846153846,1.3846153846153846,0,4.0,1,105,1,4.0,0.0
1,1.2444444444444445,0.0,-1.2444444444444445,2.0,1.435897435897436,0.0,1,4.0,1,105,1,0.0,-4.0
0,1.2444444444444445,0.0,-1.2444444444444445,2.0,1.4871794871794872,0.0,1,4.0,2,105,1,0.0,-4.0
0,1.2444444444444445,0.0,-1.2444444444444445,2.0,1.5384615384615383,0.0,0,4.0,1,105,1,0.0,-4.0
1,1.2444444444444445,2.488888888888889,1.2444444444444445,2.0,1.441860465116279,2.883720930232558,0,4.0,2,105,1,8.0,4.0
0,1.2444444444444445,0.0,-1.2444444444444445,2.0,1.4883720930232558,0.0,1,4.0,2,105,1,0.0,-4.0
0,1.2444444444444445,0.0,-1.2444444444444445,2.0,1.5348837209302326,0.0,0,4.0,1,105,1,0.0,-4.0
0,1.2444444444444445,1.2444444444444445,0.0,2.0,1.511111111111111,1.511111111111111,0,4.0,1,105,1,4.0,0.0
0,0.9756097560975611,0.9756097560975611,0.0,2.0,0.8717948717948718,0.8717948717948718,0,2.0,1,105,0,2.0,0.0
0,0.9756097560975611,0.0,-0.9756097560975611,2.0,0.9230769230769231,0.0,0,2.0,1,105,0,0.0,-2.0
1,1.2444444444444445,0.0,-1.2444444444444445,2.0,1.5555555555555554,0.0,0,4.0,1,105,1,0.0,-4.0
1,1.2444444444444445,0.0,-1.2444444444444445,2.0,1.6,0.0,1,4.0,2,105,1,0.0,-4.0
0,0.9756097560975611,0.0,-0.9756097560975611,2.0,0.9743589743589742,0.0,1,2.0,1,105,0,0.0,-2.0
1,1.2444444444444445,2.1777777777777776,0.9333333333333333,2.0,1.5257731958762888,2.6701030927835054,0,4.0,1,105,1,7.0,3.0
1,1.2444444444444445,3.7333333333333334,2.488888888888889,2.0,1.3944954128440368,4.183486238532111,1,4.0,2,105,1,12.0,8.0
1,0.9756097560975611,0.9756097560975611,0.0,2.0,0.9756097560975611,0.9756097560975611,1,2.0,1,105,0,2.0,0.0
1,1.2444444444444445,3.111111111111111,1.8666666666666667,2.0,1.3109243697478992,3.2773109243697482,1,4.0,2,105,1,10.0,6.0
0,1.2444444444444445,1.2444444444444445,0.0,2.0,1.3008130081300813,1.3008130081300813,1,4.0,2,105,1,4.0,0.0
0,1.2444444444444445,0.9333333333333333,-0.3111111111111111,2.0,1.3015873015873016,0.9761904761904762,0,4.0,1,105,1,3.0,-1.0
0,1.2444444444444445,0.9333333333333333,-0.3111111111111111,2.0,1.3023255813953487,0.9767441860465116,0,4.0,2,105,1,3.0,-1.0
0,0.9756097560975611,0.0,-0.9756097560975611,2.0,1.024390243902439,0.0,100,2.0,2,105,0,0.0,-2.0
0,1.2444444444444445,0.9333333333333333,-0.3111111111111111,2.0,1.303030303030303,0.9772727272727272,0,4.0,2,105,1,3.0,-1.0
1,0.9756097560975611,0.9756097560975611,0.0,2.0,1.0232558139534884,1.0232558139534884,0,2.0,2,105,0,2.0,0.0
0,0.9756097560975611,0.0,-0.9756097560975611,2.0,1.069767441860465,0.0,1,2.0,2,105,0,0.0,-2.0
1,1.2444444444444445,0.0,-1.2444444444444445,2.0,1.3333333333333333,0.0,0,4.0,2,105,1,0.0,-4.0
1,1.2444444444444445,3.111111111111111,1.8666666666666667,2.0,1.267605633802817,3.1690140845070425,1,4.0,1,105,1,10.0,6.0
0,1.2444444444444445,0.0,-1.2444444444444445,2.0,1.295774647887324,0.0,1,4.0,1,105,1,0.0,-4.0
1,1.2444444444444445,0.0,-1.2444444444444445,2.0,1.323943661971831,0.0,0,4.0,2,105,1,0.0,-4.0
1,1.2444444444444445,1.5555555555555556,0.3111111111111111,2.0,1.3061224489795917,1.6326530612244898,1,4.0,1,105,1,5.0,1.0
0,0.9756097560975611,0.0,-0.9756097560975611,2.0,1.1162790697674418,0.0,1,2.0,1,105,0,0.0,-2.0
1,1.2444444444444445,1.8666666666666667,0.6222222222222222,2.0,1.2810457516339868,1.9215686274509802,0,4.0,1,105,1,6.0,2.0
0,0.9756097560975611,0.0,-0.9756097560975611,2.0,1.1627906976744187,0.0,1,2.0,1,105,0,0.0,-2.0
1,1.2444444444444445,2.488888888888889,1.2444444444444445,2.0,1.2422360248447204,2.484472049689441,0,4.0,2,105,1,8.0,4.0
1,0.9756097560975611,1.9512195121951221,0.9756097560975611,2.0,1.1063829787234043,2.2127659574468086,1,2.0,2,105,0,4.0,2.0
0,1.2444444444444445,0.0,-1.2444444444444445,2.0,1.2670807453416149,0.0,1,4.0,1,105,1,0.0,-4.0
0,0.9756097560975611,0.9756097560975611,0.0,2.0,1.1020408163265305,1.1020408163265305,0,2.0,1,105,0,2.0,0.0
1,1.2444444444444445,1.2444444444444445,0.0,2.0,1.2606060606060607,1.2606060606060607,0,4.0,2,105,1,4.0,0.0
0,1.2444444444444445,2.8,1.5555555555555556,2.0,1.218390804597701,2.7413793103448274,1,4.0,1,105,1,9.0,5.0
0,1.2444444444444445,0.0,-1.2444444444444445,2.0,1.2413793103448276,0.0,0,4.0,2,105,1,0.0,-4.0
0,0.9756097560975611,0.0,-0.9756097560975611,2.0,1.1428571428571428,0.0,0,2.0,2,105,0,0.0,-2.0
0,1.2444444444444445,2.1777777777777776,0.9333333333333333,2.0,1.2154696132596685,2.1270718232044197,0,4.0,1,105,1,7.0,3.0
1,1.2444444444444445,2.1777777777777776,0.9333333333333333,2.0,1.1914893617021276,2.0851063829787235,0,4.0,1,105,1,7.0,3.0
1,0.9756097560975611,1.9512195121951221,0.9756097560975611,2.0,1.0943396226415094,2.188679245283019,1,2.0,1,105,0,4.0,2.0
0,1.2444444444444445,1.2444444444444445,0.0,2.0,1.1875,1.1875,1,4.0,2,105,1,4.0,0.0
1,1.2444444444444445,0.0,-1.2444444444444445,2.0,1.2083333333333333,0.0,0,4.0,1,105,1,0.0,-4.0
1,1.2444444444444445,2.8,1.5555555555555556,2.0,1.1741293532338308,2.6417910447761197,1,4.0,1,105,1,9.0,5.0
0,1.2444444444444445,0.0,-1.2444444444444445,2.0,1.1940298507462686,0.0,1,4.0,1,105,1,0.0,-4.0
0,1.2444444444444445,1.2444444444444445,0.0,2.0,1.1902439024390243,1.1902439024390243,0,4.0,1,105,1,4.0,0.0
0,1.2444444444444445,0.9333333333333333,-0.3111111111111111,2.0,1.1923076923076923,0.8942307692307692,0,4.0,1,105,1,3.0,-1.0
1,0.9756097560975611,1.9512195121951221,0.9756097560975611,2.0,1.0526315789473684,2.1052631578947367,0,2.0,1,105,0,4.0,2.0
1,1.2444444444444445,1.5555555555555556,0.3111111111111111,2.0,1.1830985915492958,1.4788732394366197,1,4.0,2,105,1,5.0,1.0
1,1.2444444444444445,1.8666666666666667,0.6222222222222222,2.0,1.1689497716894977,1.7534246575342465,1,4.0,2,105,1,6.0,2.0
1,1.2444444444444445,0.0,-1.2444444444444445,2.0,1.187214611872146,0.0,1,4.0,1,105,1,0.0,-4.0
0,1.2444444444444445,0.0,-1.2444444444444445,2.0,1.2054794520547945,0.0,1,4.0,2,105,1,0.0,-4.0
1,1.2444444444444445,1.8666666666666667,0.6222222222222222,2.0,1.191111111111111,1.7866666666666666,0,4.0,1,105,1,6.0,2.0
0,1.2444444444444445,1.2444444444444445,0.0,2.0,1.187772925764192,1.187772925764192,1,4.0,1,105,1,4.0,0.0
0,1.2444444444444445,0.6222222222222222,-0.6222222222222222,2.0,1.1948051948051948,0.5974025974025974,0,4.0,2,105,1,2.0,-2.0
0,0.9756097560975611,0.0,-0.9756097560975611,2.0,1.087719298245614,0.0,0,2.0,2,105,0,0.0,-2.0
0,1.2444444444444445,0.0,-1.2444444444444445,2.0,1.2121212121212122,0.0,0,4.0,1,105,1,0.0,-4.0
0,1.2444444444444445,1.2444444444444445,0.0,2.0,1.2085106382978723,1.2085106382978723,0,4.0,2,105,1,4.0,0.0
1,0.9756097560975611,1.9512195121951221,0.9756097560975611,2.0,1.0491803278688525,2.098360655737705,0,2.0,1,105,0,4.0,2.0
0,1.2444444444444445,0.0,-1.2444444444444445,2.0,1.225531914893617,0.0,1,4.0,2,105,1,0.0,-4.0
0,0.9756097560975611,0.0,-0.9756097560975611,2.0,1.0819672131147542,0.0,0,2.0,2,105,0,0.0,-2.0
1,0.9756097560975611,1.9512195121951221,0.9756097560975611,2.0,1.0461538461538462,2.0923076923076924,0,2.0,2,105,0,4.0,2.0
0,1.2444444444444445,0.9333333333333333,-0.3111111111111111,2.0,1.2268907563025209,0.9201680672268907,1,4.0,2,105,1,3.0,-1.0
1,1.2444444444444445,3.422222222222222,2.1777777777777776,2.0,1.1887550200803212,3.2690763052208833,0,4.0,2,105,1,11.0,7.0
1,0.9756097560975611,0.0,-0.9756097560975611,2.0,1.0769230769230769,0.0,1,2.0,1,105,0,0.0,-2.0
1,1.2444444444444445,2.8,1.5555555555555556,2.0,1.1627906976744187,2.616279069767442,1,4.0,1,105,1,9.0,5.0
1,1.2444444444444445,3.111111111111111,1.8666666666666667,2.0,1.1343283582089552,2.8358208955223883,1,4.0,2,105,1,10.0,6.0
0,0.9756097560975611,1.9512195121951221,0.9756097560975611,2.0,1.0434782608695652,2.0869565217391304,1,2.0,1,105,0,4.0,2.0
1,0.9756097560975611,0.9756097560975611,0.0,2.0,1.0422535211267605,1.0422535211267605,0,2.0,1,105,0,2.0,0.0
1,0.9756097560975611,4.390243902439025,3.414634146341464,2.0,0.9500000000000001,4.275,1,2.0,2,105,0,9.0,7.0
0,0.9756097560975611,0.0,-0.9756097560975611,2.0,0.9750000000000001,0.0,1,2.0,2,105,0,0.0,-2.0
0,1.2444444444444445,0.0,-1.2444444444444445,2.0,1.1492537313432836,0.0,0,4.0,2,105,1,0.0,-4.0
1,0.9756097560975611,0.9756097560975611,0.0,2.0,0.9756097560975611,0.9756097560975611,0,2.0,1,105,0,2.0,0.0
1,1.2444444444444445,0.0,-1.2444444444444445,2.0,1.164179104477612,0.0,1,4.0,1,105,1,0.0,-4.0
0,1.2444444444444445,0.0,-1.2444444444444445,2.0,1.1791044776119404,0.0,1,4.0,1,105,1,0.0,-4.0
1,1.2444444444444445,2.8,1.5555555555555556,2.0,1.1552346570397112,2.5992779783393503,0,4.0,2,105,1,9.0,5.0
0,1.2444444444444445,0.0,-1.2444444444444445,2.0,1.1696750902527075,0.0,1,4.0,1,105,1,0.0,-4.0
0,1.2444444444444445,0.9333333333333333,-0.3111111111111111,2.0,1.1714285714285715,0.8785714285714286,0,4.0,2,105,1,3.0,-1.0
1,1.2444444444444445,1.8666666666666667,0.6222222222222222,2.0,1.1608391608391608,1.7412587412587412,0,4.0,2,105,1,6.0,2.0
0,1.2444444444444445,0.0,-1.2444444444444445,2.0,1.1764705882352942,0.0,100,4.0,1,105,1,0.0,-4.0
0,0.9756097560975611,0.0,-0.9756097560975611,2.0,1.0,0.0,0,2.0,2,105,0,0.0,-2.0
0,1.2444444444444445,0.9333333333333333,-0.3111111111111111,2.0,1.178082191780822,0.8835616438356165,0,4.0,1,105,1,3.0,-1.0
1,1.2444444444444445,1.8666666666666667,0.6222222222222222,2.0,1.167785234899329,1.7516778523489933,0,4.0,2,105,1,6.0,2.0
0,1.2444444444444445,0.0,-1.2444444444444445,2.0,1.1812080536912752,0.0,1,4.0,2,105,1,0.0,-4.0
1,0.9756097560975611,1.9512195121951221,0.9756097560975611,2.0,0.9767441860465117,1.9534883720930234,0,2.0,1,105,0,4.0,2.0
0,0.9756097560975611,0.0,-0.9756097560975611,2.0,1.0,0.0,1,2.0,1,105,0,0.0,-2.0
1,1.2444444444444445,2.8,1.5555555555555556,2.0,1.1596091205211725,2.6091205211726383,0,4.0,1,105,1,9.0,5.0
0,1.2444444444444445,0.0,-1.2444444444444445,2.0,1.1726384364820848,0.0,1,4.0,2,105,1,0.0,-4.0
0,1.2444444444444445,0.0,-1.2444444444444445,2.0,1.1856677524429968,0.0,0,4.0,2,105,1,0.0,-4.0
0,1.2444444444444445,0.9333333333333333,-0.3111111111111111,2.0,1.1870967741935485,0.8903225806451613,0,4.0,1,105,1,3.0,-1.0
0,1.2444444444444445,1.8666666666666667,0.6222222222222222,2.0,1.1772151898734178,1.7658227848101264,0,4.0,2,105,1,6.0,2.0
1,0.9756097560975611,1.9512195121951221,0.9756097560975611,2.0,0.9777777777777777,1.9555555555555555,0,2.0,2,105,0,4.0,2.0
0,1.2444444444444445,0.0,-1.2444444444444445,2.0,1.1898734177215189,0.0,1,4.0,1,105,1,0.0,-4.0
1,1.2444444444444445,0.0,-1.2444444444444445,2.0,1.2025316455696202,0.0,0,4.0,2,105,1,0.0,-4.0
1,1.2444444444444445,1.5555555555555556,0.3111111111111111,2.0,1.1962616822429906,1.4953271028037383,1,4.0,1,105,1,5.0,1.0
0,0.9756097560975611,1.9512195121951221,0.9756097560975611,2.0,0.9574468085106382,1.9148936170212765,1,2.0,2,105,0,4.0,2.0
1,1.2444444444444445,1.2444444444444445,0.0,2.0,1.1938461538461538,1.1938461538461538,0,4.0,1,105,1,4.0,0.0
0,0.9756097560975611,0.0,-0.9756097560975611,2.0,0.978723404255319,0.0,1,2.0,1,105,0,0.0,-2.0
1,1.2444444444444445,1.5555555555555556,0.3111111111111111,2.0,1.187878787878788,1.4848484848484849,0,4.0,1,105,1,5.0,1.0
1,1.2444444444444445,1.5555555555555556,0.3111111111111111,2.0,1.182089552238806,1.4776119402985075,1,4.0,1,105,1,5.0,1.0
0,1.2444444444444445,0.0,-1.2444444444444445,2.0,1.1940298507462686,0.0,1,4.0,2,105,1,0.0,-4.0
1,1.2444444444444445,1.8666666666666667,0.6222222222222222,2.0,1.18475073313783,1.7771260997067448,0,4.0,1,105,1,6.0,2.0
1,1.2444444444444445,1.2444444444444445,0.0,2.0,1.182608695652174,1.182608695652174,1,4.0,2,105,1,4.0,0.0
1,1.2444444444444445,2.1777777777777776,0.9333333333333333,2.0,1.1704545454545454,2.0482954545454546,1,4.0,1,105,1,7.0,3.0
1,0.9756097560975611,0.9756097560975611,0.0,2.0,0.9791666666666667,0.9791666666666667,1,2.0,1,105,0,2.0,0.0
0,1.2444444444444445,0.0,-1.2444444444444445,2.0,1.1818181818181819,0.0,1,4.0,1,105,1,0.0,-4.0
0,0.9756097560975611,0.0,-0.9756097560975611,2.0,1.0,0.0,0,2.0,2,105,0,0.0,-2.0
1,1.2444444444444445,1.8666666666666667,0.6222222222222222,2.0,1.1731843575418994,1.7597765363128492,0,4.0,1,105,1,6.0,2.0
1,0.9756097560975611,1.9512195121951221,0.9756097560975611,2.0,0.98,1.96,1,2.0,1,105,0,4.0,2.0
1,1.2444444444444445,2.8,1.5555555555555556,2.0,1.1553133514986376,2.5994550408719346,1,4.0,1,105,1,9.0,5.0
1,0.9756097560975611,0.0,-0.9756097560975611,2.0,1.0,0.0,1,2.0,2,105,0,0.0,-2.0
1,1.2444444444444445,1.5555555555555556,0.3111111111111111,2.0,1.1505376344086022,1.4381720430107527,1,4.0,1,105,1,5.0,1.0
0,1.2444444444444445,0.9333333333333333,-0.3111111111111111,2.0,1.152,0.864,1,4.0,2,105,1,3.0,-1.0
1,1.2444444444444445,1.2444444444444445,0.0,2.0,1.150395778364116,1.150395778364116,0,4.0,1,105,1,4.0,0.0
1,1.2444444444444445,0.0,-1.2444444444444445,2.0,1.1609498680738786,0.0,1,4.0,2,105,1,0.0,-4.0
1,1.2444444444444445,1.5555555555555556,0.3111111111111111,2.0,1.15625,1.4453125,1,4.0,1,105,1,5.0,1.0
0,0.9756097560975611,0.0,-0.9756097560975611,2.0,1.02,0.0,1,2.0,2,105,0,0.0,-2.0
1,0.9756097560975611,4.390243902439025,3.414634146341464,2.0,0.9541284403669724,4.293577981651376,0,2.0,1,105,0,9.0,7.0
1,0.9756097560975611,1.9512195121951221,0.9756097560975611,2.0,0.9380530973451326,1.8761061946902653,1,2.0,1,105,0,4.0,2.0
1,1.2444444444444445,1.5555555555555556,0.3111111111111111,2.0,1.1516709511568124,1.4395886889460154,1,4.0,1,105,1,5.0,1.0
0,1.2444444444444445,0.0,-1.2444444444444445,2.0,1.161953727506427,0.0,1,4.0,2,105,1,0.0,-4.0
0,0.9756097560975611,0.0,-0.9756097560975611,2.0,0.9557522123893806,0.0,0,2.0,2,105,0,0.0,-2.0
1,0.9756097560975611,0.9756097560975611,0.0,2.0,0.9565217391304348,0.9565217391304348,0,2.0,2,105,0,2.0,0.0
0,1.2444444444444445,0.0,-1.2444444444444445,2.0,1.1722365038560412,0.0,1,4.0,1,105,1,0.0,-4.0
1,1.2444444444444445,0.0,-1.2444444444444445,2.0,1.1825192802056554,0.0,0,4.0,2,105,1,0.0,-4.0
0,1.2444444444444445,0.0,-1.2444444444444445,2.0,1.19280205655527,0.0,1,4.0,2,105,1,0.0,-4.0
1,1.2444444444444445,1.5555555555555556,0.3111111111111111,2.0,1.1878172588832487,1.484771573604061,0,4.0,2,105,1,5.0,1.0
0,0.9756097560975611,0.0,-0.9756097560975611,2.0,0.9739130434782609,0.0,1,2.0,2,105,0,0.0,-2.0
1,0.9756097560975611,0.9756097560975611,0.0,2.0,0.9743589743589742,0.9743589743589742,0,2.0,2,105,0,2.0,0.0
1,1.2444444444444445,1.2444444444444445,0.0,2.0,1.185929648241206,1.185929648241206,1,4.0,1,105,1,4.0,0.0
1,1.2444444444444445,0.0,-1.2444444444444445,2.0,1.1959798994974875,0.0,1,4.0,2,105,1,0.0,-4.0
1,1.2444444444444445,1.2444444444444445,0.0,2.0,1.1940298507462686,1.1940298507462686,1,4.0,1,105,1,4.0,0.0
0,1.2444444444444445,0.0,-1.2444444444444445,2.0,1.2039800995024876,0.0,1,4.0,1,105,1,0.0,-4.0
1,1.2444444444444445,1.5555555555555556,0.3111111111111111,2.0,1.1990171990171992,1.4987714987714988,0,4.0,2,105,1,5.0,1.0
0,1.2444444444444445,0.0,-1.2444444444444445,2.0,1.2088452088452089,0.0,1,4.0,1,105,1,0.0,-4.0
0,0.9756097560975611,0.0,-0.9756097560975611,2.0,0.9914529914529915,0.0,0,2.0,1,105,0,0.0,-2.0
0,1.2444444444444445,2.8,1.5555555555555556,2.0,1.1923076923076923,2.6826923076923075,0,4.0,2,105,1,9.0,5.0
1,0.9756097560975611,1.9512195121951221,0.9756097560975611,2.0,0.975206611570248,1.950413223140496,0,2.0,2,105,0,4.0,2.0
1,0.9756097560975611,0.9756097560975611,0.0,2.0,0.9756097560975611,0.9756097560975611,1,2.0,1,105,0,2.0,0.0
1,1.2444444444444445,1.5555555555555556,0.3111111111111111,2.0,1.187648456057007,1.484560570071259,1,4.0,2,105,1,5.0,1.0
1,1.2444444444444445,1.2444444444444445,0.0,2.0,1.1858823529411764,1.1858823529411764,1,4.0,1,105,1,4.0,0.0
0,1.2444444444444445,0.0,-1.2444444444444445,2.0,1.1952941176470588,0.0,100,4.0,1,105,1,0.0,-4.0
1,1.2444444444444445,0.0,-1.2444444444444445,2.0,1.204705882352941,0.0,0,4.0,1,105,1,0.0,-4.0
1,1.2444444444444445,0.0,-1.2444444444444445,2.0,1.2141176470588235,0.0,1,4.0,2,105,1,0.0,-4.0
1,0.9756097560975611,1.9512195121951221,0.9756097560975611,2.0,0.9606299212598426,1.9212598425196852,1,2.0,1,105,0,4.0,2.0
0,1.2444444444444445,2.1777777777777776,0.9333333333333333,2.0,1.2037037037037037,2.1064814814814814,1,4.0,2,105,1,7.0,3.0
0,1.2444444444444445,0.0,-1.2444444444444445,2.0,1.2129629629629628,0.0,0,4.0,1,105,1,0.0,-4.0
1,1.2444444444444445,2.8,1.5555555555555556,2.0,1.1972789115646258,2.693877551020408,0,4.0,2,105,1,9.0,5.0
0,0.9756097560975611,0.0,-0.9756097560975611,2.0,0.9763779527559056,0.0,1,2.0,1,105,0,0.0,-2.0
1,1.2444444444444445,0.0,-1.2444444444444445,2.0,1.2063492063492063,0.0,0,4.0,2,105,1,0.0,-4.0
1,0.9756097560975611,1.9512195121951221,0.9756097560975611,2.0,0.9618320610687022,1.9236641221374045,1,2.0,2,105,0,4.0,2.0
0,1.2444444444444445,2.8,1.5555555555555556,2.0,1.191111111111111,2.6799999999999997,1,4.0,1,105,1,9.0,5.0
0,1.2444444444444445,2.1777777777777776,0.9333333333333333,2.0,1.1816192560175054,2.0678336980306344,0,4.0,1,105,1,7.0,3.0
1,1.2444444444444445,1.8666666666666667,0.6222222222222222,2.0,1.1749460043196545,1.7624190064794818,0,4.0,2,105,1,6.0,2.0
1,0.9756097560975611,0.9756097560975611,0.0,2.0,0.9624060150375939,0.9624060150375939,1,2.0,2,105,0,2.0,0.0
1,0.9756097560975611,0.9756097560975611,0.0,2.0,0.9629629629629629,0.9629629629629629,1,2.0,1,105,0,2.0,0.0
1,0.9756097560975611,0.9756097560975611,0.0,2.0,0.9635036496350365,0.9635036496350365,1,2.0,2,105,0,2.0,0.0
0,0.9756097560975611,0.0,-0.9756097560975611,2.0,0.9781021897810219,0.0,1,2.0,1,105,0,0.0,-2.0
1,1.2444444444444445,1.2444444444444445,0.0,2.0,1.1734475374732334,1.1734475374732334,0,4.0,2,105,1,4.0,0.0
0,0.9756097560975611,0.0,-0.9756097560975611,2.0,0.9927007299270073,0.0,1,2.0,2,105,0,0.0,-2.0
1,1.2444444444444445,2.488888888888889,1.2444444444444445,2.0,1.1621052631578948,2.3242105263157895,0,4.0,1,105,1,8.0,4.0
1,1.2444444444444445,2.488888888888889,1.2444444444444445,2.0,1.1511387163561075,2.302277432712215,1,4.0,2,105,1,8.0,4.0
1,1.2444444444444445,0.0,-1.2444444444444445,2.0,1.1594202898550725,0.0,1,4.0,2,105,1,0.0,-4.0
0,0.9756097560975611,0.0,-0.9756097560975611,2.0,1.0072992700729928,0.0,1,2.0,2,105,0,0.0,-2.0
1,0.9756097560975611,4.390243902439025,3.414634146341464,2.0,0.958904109589041,4.315068493150685,0,2.0,2,105,0,9.0,7.0
1,1.2444444444444445,1.5555555555555556,0.3111111111111111,2.0,1.1557377049180328,1.444672131147541,1,4.0,2,105,1,5.0,1.0
0,1.2444444444444445,0.0,-1.2444444444444445,2.0,1.1639344262295082,0.0,1,4.0,1,105,1,0.0,-4.0
0,1.2444444444444445,0.0,-1.2444444444444445,2.0,1.1721311475409837,0.0,0,4.0,1,105,1,0.0,-4.0
1,0.9756097560975611,1.9512195121951221,0.9756097560975611,2.0,0.9466666666666668,1.8933333333333335,0,2.0,1,105,0,4.0,2.0
0,1.2444444444444445,0.0,-1.2444444444444445,2.0,1.180327868852459,0.0,1,4.0,2,105,1,0.0,-4.0
0,1.2444444444444445,0.6222222222222222,-0.6222222222222222,2.0,1.183673469387755,0.5918367346938775,0,4.0,2,105,1,2.0,-2.0
0,0.9756097560975611,1.9512195121951221,0.9756097560975611,2.0,0.935064935064935,1.87012987012987,0,2.0,2,105,0,4.0,2.0
1,1.2444444444444445,1.8666666666666667,0.6222222222222222,2.0,1.1774193548387097,1.7661290322580647,0,4.0,1,105,1,6.0,2.0
1,1.2444444444444445,0.0,-1.2444444444444445,2.0,1.1854838709677418,0.0,1,4.0,2,105,1,0.0,-4.0
1,0.9756097560975611,0.0,-0.9756097560975611,2.0,0.948051948051948,0.0,1,2.0,1,105,0,0.0,-2.0
0,1.2444444444444445,0.0,-1.2444444444444445,2.0,1.1935483870967742,0.0,1,4.0,1,105,1,0.0,-4.0
0,0.9756097560975611,0.0,-0.9756097560975611,2.0,0.961038961038961,0.0,0,2.0,1,105,0,0.0,-2.0
1,0.9756097560975611,0.9756097560975611,0.0,2.0,0.9615384615384615,0.9615384615384615,0,2.0,2,105,0,2.0,0.0
0,1.2444444444444445,0.0,-1.2444444444444445,2.0,1.2016129032258065,0.0,1,4.0,1,105,1,0.0,-4.0
1,1.2444444444444445,1.8666666666666667,0.6222222222222222,2.0,1.1952191235059761,1.792828685258964,0,4.0,1,105,1,6.0,2.0
1,1.2444444444444445,1.2444444444444445,0.0,2.0,1.1936758893280632,1.1936758893280632,1,4.0,1,105,1,4.0,0.0
0,1.2444444444444445,0.0,-1.2444444444444445,2.0,1.2015810276679841,0.0,1,4.0,1,105,1,0.0,-4.0
0,0.9756097560975611,0.0,-0.9756097560975611,2.0,0.9743589743589742,0.0,0,2.0,1,105,0,0.0,-2.0
0,1.2444444444444445,0.0,-1.2444444444444445,2.0,1.2094861660079053,0.0,0,4.0,2,105,1,0.0,-4.0
0,0.9756097560975611,0.0,-0.9756097560975611,2.0,0.9871794871794873,0.0,0,2.0,2,105,0,0.0,-2.0
0,1.2444444444444445,1.5555555555555556,0.3111111111111111,2.0,1.2054794520547945,1.5068493150684932,0,4.0,2,105,1,5.0,1.0
0,1.2444444444444445,1.8666666666666667,0.6222222222222222,2.0,1.1992263056092844,1.7988394584139265,0,4.0,2,105,1,6.0,2.0
1,1.2444444444444445,2.8,1.5555555555555556,2.0,1.1863117870722433,2.6692015209125475,0,4.0,2,105,1,9.0,5.0
0,1.2444444444444445,0.0,-1.2444444444444445,2.0,1.193916349809886,0.0,1,4.0,2,105,1,0.0,-4.0
1,1.2444444444444445,3.7333333333333334,2.488888888888889,2.0,1.174721189591078,3.5241635687732344,0,4.0,2,105,1,12.0,8.0
0,1.2444444444444445,0.9333333333333333,-0.3111111111111111,2.0,1.1756007393715342,0.8817005545286507,1,4.0,2,105,1,3.0,-1.0
1,0.9756097560975611,1.9512195121951221,0.9756097560975611,2.0,0.9750000000000001,1.9500000000000002,0,2.0,1,105,0,4.0,2.0
0,1.2444444444444445,0.0,-1.2444444444444445,2.0,1.1829944547134934,0.0,1,4.0,2,105,1,0.0,-4.0
0,1.2444444444444445,0.0,-1.2444444444444445,2.0,1.1903881700554528,0.0,0,4.0,2,105,1,0.0,-4.0
1,0.9756097560975611,1.9512195121951221,0.9756097560975611,2.0,0.9634146341463414,1.9268292682926829,0,2.0,2,105,0,4.0,2.0
0,1.2444444444444445,0.0,-1.2444444444444445,2.0,1.197781885397412,0.0,1,4.0,2,105,1,0.0,-4.0
0,1.2444444444444445,0.0,-1.2444444444444445,2.0,1.2051756007393715,0.0,0,4.0,1,105,1,0.0,-4.0
1,0.9756097560975611,0.0,-0.9756097560975611,2.0,0.9756097560975611,0.0,0,2.0,2,105,0,0.0,-2.0
1,1.2444444444444445,0.0,-1.2444444444444445,2.0,1.212569316081331,0.0,1,4.0,1,105,1,0.0,-4.0
0,1.2444444444444445,0.0,-1.2444444444444445,2.0,1.21996303142329,0.0,1,4.0,1,105,1,0.0,-4.0
1,1.2444444444444445,0.0,-1.2444444444444445,2.0,1.2273567467652495,0.0,0,4.0,2,105,1,0.0,-4.0
0,1.2444444444444445,0.0,-1.2444444444444445,2.0,1.2347504621072087,0.0,1,4.0,2,105,1,0.0,-4.0
0,1.2444444444444445,1.5555555555555556,0.3111111111111111,2.0,1.2307692307692308,1.5384615384615385,0,4.0,2,105,1,5.0,1.0
1,1.2444444444444445,1.8666666666666667,0.6222222222222222,2.0,1.2246376811594204,1.8369565217391306,100,4.0,2,105,1,6.0,2.0
1,0.9756097560975611,4.390243902439025,3.414634146341464,2.0,0.9364161849710982,4.213872832369942,1,2.0,2,105,0,9.0,7.0
1,1.2444444444444445,2.488888888888889,1.2444444444444445,2.0,1.2142857142857144,2.428571428571429,1,4.0,2,105,1,8.0,4.0
1,0.9756097560975611,1.9512195121951221,0.9756097560975611,2.0,0.9265536723163841,1.8531073446327682,1,2.0,2,105,0,4.0,2.0
1,0.9756097560975611,0.9756097560975611,0.0,2.0,0.9273743016759776,0.9273743016759776,1,2.0,2,105,0,2.0,0.0
0,1.2444444444444445,0.0,-1.2444444444444445,2.0,1.2214285714285715,0.0,1,4.0,2,105,1,0.0,-4.0
0,0.9756097560975611,0.0,-0.9756097560975611,2.0,0.9385474860335196,0.0,0,2.0,1,105,0,0.0,-2.0
0,1.2444444444444445,0.0,-1.2444444444444445,2.0,1.2285714285714286,0.0,0,4.0,1,105,1,0.0,-4.0
0,1.2444444444444445,0.0,-1.2444444444444445,2.0,1.2357142857142855,0.0,0,4.0,1,105,1,0.0,-4.0
1,1.2444444444444445,2.8,1.5555555555555556,2.0,1.2231985940246046,2.7521968365553606,0,4.0,1,105,1,9.0,5.0
0,0.9756097560975611,0.0,-0.9756097560975611,2.0,0.9497206703910615,0.0,1,2.0,2,105,0,0.0,-2.0
1,1.2444444444444445,1.8666666666666667,0.6222222222222222,2.0,1.2173913043478262,1.8260869565217392,0,4.0,1,105,1,6.0,2.0
1,1.2444444444444445,2.8,1.5555555555555556,2.0,1.2054794520547945,2.7123287671232874,1,4.0,1,105,1,9.0,5.0
0,1.2444444444444445,0.0,-1.2444444444444445,2.0,1.2123287671232879,0.0,1,4.0,1,105,1,0.0,-4.0
0,1.2444444444444445,0.0,-1.2444444444444445,2.0,1.2191780821917808,0.0,0,4.0,1,105,1,0.0,-4.0
1,1.2444444444444445,0.0,-1.2444444444444445,2.0,1.226027397260274,0.0,0,4.0,2,105,1,0.0,-4.0
1,0.9756097560975611,1.9512195121951221,0.9756097560975611,2.0,0.9398907103825137,1.8797814207650274,1,2.0,1,105,0,4.0,2.0
1,1.2444444444444445,1.2444444444444445,0.0,2.0,1.2244897959183674,1.2244897959183674,1,4.0,2,105,1,4.0,0.0
1,1.2444444444444445,1.5555555555555556,0.3111111111111111,2.0,1.2209106239460372,1.5261382799325465,1,4.0,2,105,1,5.0,1.0
0,1.2444444444444445,0.0,-1.2444444444444445,2.0,1.2276559865092749,0.0,1,4.0,2,105,1,0.0,-4.0
0,1.2444444444444445,2.1777777777777776,0.9333333333333333,2.0,1.22,2.135,0,4.0,1,105,1,7.0,3.0
1,0.9756097560975611,1.9512195121951221,0.9756097560975611,2.0,0.93048128342246,1.86096256684492,0,2.0,1,105,0,4.0,2.0
0,1.2444444444444445,0.0,-1.2444444444444445,2.0,1.2266666666666668,0.0,1,4.0,1,105,1,0.0,-4.0
1,1.2444444444444445,2.8,1.5555555555555556,2.0,1.2151067323481115,2.7339901477832513,0,4.0,1,105,1,9.0,5.0
1,1.2444444444444445,0.0,-1.2444444444444445,2.0,1.2216748768472905,0.0,1,4.0,2,105,1,0.0,-4.0
1,0.9756097560975611,0.0,-0.9756097560975611,2.0,0.9411764705882353,0.0,1,2.0,1,105,0,0.0,-2.0
1,0.9756097560975611,0.0,-0.9756097560975611,2.0,0.9518716577540107,0.0,1,2.0,2,105,0,0.0,-2.0
1,1.2444444444444445,0.0,-1.2444444444444445,2.0,1.2282430213464697,0.0,1,4.0,1,105,1,0.0,-4.0
0,0.9756097560975611,0.0,-0.9756097560975611,2.0,0.9625668449197861,0.0,1,2.0,2,105,0,0.0,-2.0
1,1.2444444444444445,0.0,-1.2444444444444445,2.0,1.2348111658456487,0.0,0,4.0,2,105,1,0.0,-4.0
0,0.9756097560975611,0.0,-0.9756097560975611,2.0,0.9732620320855616,0.0,1,2.0,2,105,0,0.0,-2.0
1,1.2444444444444445,0.0,-1.2444444444444445,2.0,1.2413793103448276,0.0,0,4.0,2,105,1,0.0,-4.0
1,1.2444444444444445,1.8666666666666667,0.6222222222222222,2.0,1.2357723577235773,1.8536585365853657,1,4.0,1,105,1,6.0,2.0
0,1.2444444444444445,0.0,-1.2444444444444445,2.0,1.2422764227642276,0.0,1,4.0,1,105,1,0.0,-4.0
1,1.2444444444444445,1.8666666666666667,0.6222222222222222,2.0,1.2367149758454106,1.855072463768116,0,4.0,1,105,1,6.0,2.0
0,1.2444444444444445,0.6222222222222222,-0.6222222222222222,2.0,1.2391653290529696,0.6195826645264848,1,4.0,2,105,1,2.0,-2.0
0,0.9756097560975611,0.0,-0.9756097560975611,2.0,0.983957219251337,0.0,0,2.0,2,105,0,0.0,-2.0
0,0.9756097560975611,0.0,-0.9756097560975611,2.0,0.9946524064171123,0.0,0,2.0,1,105,0,0.0,-2.0
0,1.2444444444444445,0.0,-1.2444444444444445,2.0,1.2455858747993578,0.0,0,4.0,1,105,1,0.0,-4.0
1,0.9756097560975611,1.9512195121951221,0.9756097560975611,2.0,0.9842931937172775,1.968586387434555,0,2.0,1,105,0,4.0,2.0
0,1.2444444444444445,1.8666666666666667,0.6222222222222222,2.0,1.2400635930047694,1.8600953895071541,1,4.0,1,105,1,6.0,2.0
1,1.2444444444444445,2.488888888888889,1.2444444444444445,2.0,1.2307692307692308,2.4615384615384617,0,4.0,2,105,1,8.0,4.0
0,1.2444444444444445,1.5555555555555556,0.3111111111111111,2.0,1.2274143302180685,1.5342679127725856,1,4.0,1,105,1,5.0,1.0
1,0.9756097560975611,0.9756097560975611,0.0,2.0,0.9844559585492227,0.9844559585492227,0,2.0,1,105,0,2.0,0.0
0,1.2444444444444445,0.0,-1.2444444444444445,2.0,1.2336448598130842,0.0,1,4.0,1,105,1,0.0,-4.0
1,1.2444444444444445,1.8666666666666667,0.6222222222222222,2.0,1.2283950617283952,1.8425925925925926,0,4.0,2,105,1,6.0,2.0
1,1.2444444444444445,1.2444444444444445,0.0,2.0,1.2269938650306749,1.2269938650306749,1,4.0,2,105,1,4.0,0.0
1,1.2444444444444445,1.8666666666666667,0.6222222222222222,2.0,1.2218844984802433,1.8328267477203648,1,4.0,1,105,1,6.0,2.0
1,1.2444444444444445,0.0,-1.2444444444444445,2.0,1.2279635258358663,0.0,1,4.0,2,105,1,0.0,-4.0
1,0.9756097560975611,1.9512195121951221,0.9756097560975611,2.0,0.9746192893401014,1.949238578680203,1,2.0,1,105,0,4.0,2.0
0,1.2444444444444445,0.0,-1.2444444444444445,2.0,1.2340425531914894,0.0,1,4.0,2,105,1,0.0,-4.0
0,1.2444444444444445,0.0,-1.2444444444444445,2.0,1.2401215805471124,0.0,0,4.0,2,105,1,0.0,-4.0
0,1.2444444444444445,0.0,-1.2444444444444445,2.0,1.2462006079027355,0.0,0,4.0,2,105,1,0.0,-4.0
0,1.2444444444444445,1.2444444444444445,0.0,2.0,1.244712990936556,1.244712990936556,0,4.0,1,105,1,4.0,0.0
1,0.9756097560975611,0.9756097560975611,0.0,2.0,0.9748743718592966,0.9748743718592966,0,2.0,2,105,0,2.0,0.0
0,0.9756097560975611,0.0,-0.9756097560975611,2.0,0.9849246231155778,0.0,1,2.0,1,105,0,0.0,-2.0
0,1.2444444444444445,0.0,-1.2444444444444445,2.0,1.2507552870090635,0.0,0,4.0,1,105,1,0.0,-4.0
0,0.9756097560975611,1.9512195121951221,0.9756097560975611,2.0,0.9753694581280787,1.9507389162561575,0,2.0,1,105,0,4.0,2.0
1,1.2444444444444445,2.8,1.5555555555555556,2.0,1.239940387481371,2.789865871833085,0,4.0,2,105,1,9.0,5.0
1,0.9756097560975611,0.9756097560975611,0.0,2.0,0.9756097560975611,0.9756097560975611,1,2.0,1,105,0,2.0,0.0
0,1.2444444444444445,1.2444444444444445,0.0,2.0,1.2385185185185186,1.2385185185185186,1,4.0,1,105,1,4.0,0.0
1,1.2444444444444445,0.0,-1.2444444444444445,2.0,1.2444444444444445,0.0,0,4.0,1,105,1,0.0,-4.0
0,0.75,1.0,0.25,3.0,0.75,1.0,100,1.5,2,105,0,2.0,0.5
1,1.2316715542521994,1.847507331378299,0.6158357771260997,3.0,0.6666666666666666,1.0,0,4.0,2,105,1,6.0,2.0
1,1.2316715542521994,2.463343108504399,1.2316715542521994,3.0,0.5714285714285714,1.1428571428571428,1,4.0,2,105,1,8.0,4.0
0,0.75,0.0,-0.75,3.0,1.5,0.0,1,1.5,2,105,0,0.0,-1.5
0,0.75,0.0,-0.75,3.0,2.25,0.0,0,1.5,2,105,0,0.0,-1.5
1,1.2316715542521994,1.847507331378299,0.6158357771260997,3.0,0.6,0.8999999999999999,0,4.0,1,105,1,6.0,2.0
1,1.2316715542521994,1.847507331378299,0.6158357771260997,3.0,0.6153846153846154,0.9230769230769231,1,4.0,1,105,1,6.0,2.0
1,1.2316715542521994,1.5395894428152492,0.30791788856304986,3.0,0.6451612903225806,0.8064516129032258,1,4.0,1,105,1,5.0,1.0
0,1.2316715542521994,0.0,-1.2316715542521994,3.0,0.7741935483870968,0.0,1,4.0,2,105,1,0.0,-4.0
1,1.2316715542521994,3.3870967741935485,2.155425219941349,3.0,0.6666666666666666,1.8333333333333333,0,4.0,1,105,1,11.0,7.0
0,1.2316715542521994,0.0,-1.2316715542521994,3.0,0.7619047619047619,0.0,1,4.0,2,105,1,0.0,-4.0
1,0.75,2.0,1.25,3.0,1.0,2.6666666666666665,0,1.5,1,105,0,4.0,2.5
1,1.2316715542521994,2.463343108504399,1.2316715542521994,3.0,0.72,1.44,1,4.0,2,105,1,8.0,4.0
1,0.75,2.0,1.25,3.0,0.75,2.0,1,1.5,1,105,0,4.0,2.5
1,0.75,1.0,0.25,3.0,0.75,1.0,1,1.5,1,105,0,2.0,0.5
0,1.2316715542521994,0.0,-1.2316715542521994,3.0,0.8,0.0,1,4.0,1,105,1,0.0,-4.0
1,0.75,0.0,-0.75,3.0,0.875,0.0,0,1.5,2,105,0,0.0,-1.5
1,0.75,2.5,1.75,3.0,0.7058823529411765,2.3529411764705883,1,1.5,1,105,0,5.0,3.5
0,0.75,0.0,-0.75,3.0,0.7941176470588236,0.0,1,1.5,1,105,0,0.0,-1.5
1,1.2316715542521994,1.5395894428152492,0.30791788856304986,3.0,0.8,1.0,0,4.0,2,105,1,5.0,1.0
0,1.2316715542521994,0.0,-1.2316715542521994,3.0,0.8727272727272728,0.0,1,4.0,2,105,1,0.0,-4.0
1,1.2316715542521994,1.5395894428152492,0.30791788856304986,3.0,0.8666666666666667,1.0833333333333335,0,4.0,2,105,1,5.0,1.0
0,1.2316715542521994,0.0,-1.2316715542521994,3.0,0.9333333333333333,0.0,1,4.0,2,105,1,0.0,-4.0
1,1.2316715542521994,2.155425219941349,0.9237536656891495,3.0,0.8955223880597015,1.5671641791044775,0,4.0,1,105,1,7.0,3.0
1,0.75,2.0,1.25,3.0,0.7142857142857143,1.9047619047619047,1,1.5,2,105,0,4.0,2.5
1,1.2316715542521994,2.771260997067449,1.5395894428152492,3.0,0.8421052631578947,1.894736842105263,1,4.0,2,105,1,9.0,5.0
0,0.75,0.0,-0.75,3.0,0.7857142857142857,0.0,1,1.5,1,105,0,0.0,-1.5
0,1.2316715542521994,0.0,-1.2316715542521994,3.0,0.8947368421052632,0.0,0,4.0,2,105,1,0.0,-4.0
1,1.2316715542521994,2.463343108504399,1.2316715542521994,3.0,0.8571428571428571,1.7142857142857142,0,4.0,1,105,1,8.0,4.0
0,0.75,0.0,-0.75,3.0,0.8571428571428571,0.0,1,1.5,1,105,0,0.0,-1.5
1,0.75,2.0,1.25,3.0,0.78,2.08,0,1.5,2,105,0,4.0,2.5
1,1.2316715542521994,1.5395894428152492,0.30791788856304986,3.0,0.8539325842696629,1.0674157303370786,1,4.0,2,105,1,5.0,1.0
0,1.2316715542521994,1.2316715542521994,0.0,3.0,0.8602150537634408,0.8602150537634408,1,4.0,2,105,1,4.0,0.0
0,0.75,0.0,-0.75,3.0,0.84,0.0,0,1.5,1,105,0,0.0,-1.5
1,1.2316715542521994,2.155425219941349,0.9237536656891495,3.0,0.84,1.47,0,4.0,2,105,1,7.0,3.0
0,1.2316715542521994,0.0,-1.2316715542521994,3.0,0.8799999999999999,0.0,1,4.0,1,105,1,0.0,-4.0
1,0.75,3.0,2.25,3.0,0.7258064516129031,2.9032258064516125,0,1.5,1,105,0,6.0,4.5
0,1.2316715542521994,0.0,-1.2316715542521994,3.0,0.92,0.0,1,4.0,1,105,1,0.0,-4.0
0,1.2316715542521994,0.0,-1.2316715542521994,3.0,0.96,0.0,0,4.0,1,105,1,0.0,-4.0
0,0.75,0.0,-0.75,3.0,0.7741935483870968,0.0,0,1.5,2,105,0,0.0,-1.5
1,1.2316715542521994,1.847507331378299,0.6158357771260997,3.0,0.9433962264150942,1.4150943396226414,0,4.0,1,105,1,6.0,2.0
1,1.2316715542521994,2.771260997067449,1.5395894428152492,3.0,0.9043478260869565,2.034782608695652,1,4.0,2,105,1,9.0,5.0
1,0.75,2.0,1.25,3.0,0.7285714285714286,1.942857142857143,1,1.5,1,105,0,4.0,2.5
1,1.2316715542521994,0.0,-1.2316715542521994,3.0,0.9391304347826086,0.0,1,4.0,2,105,1,0.0,-4.0
0,1.2316715542521994,0.0,-1.2316715542521994,3.0,0.9739130434782609,0.0,1,4.0,1,105,1,0.0,-4.0
1,1.2316715542521994,2.155425219941349,0.9237536656891495,3.0,0.9508196721311476,1.6639344262295082,0,4.0,2,105,1,7.0,3.0
1,1.2316715542521994,1.5395894428152492,0.30791788856304986,3.0,0.9448818897637795,1.1811023622047243,1,4.0,2,105,1,5.0,1.0
1,1.2316715542521994,1.847507331378299,0.6158357771260997,3.0,0.9323308270676692,1.3984962406015038,1,4.0,2,105,1,6.0,2.0
0,1.2316715542521994,0.0,-1.2316715542521994,3.0,0.9624060150375939,0.0,1,4.0,1,105,1,0.0,-4.0
1,1.2316715542521994,1.5395894428152492,0.30791788856304986,3.0,0.9565217391304348,1.1956521739130435,0,4.0,1,105,1,5.0,1.0
1,1.2316715542521994,2.155425219941349,0.9237536656891495,3.0,0.9379310344827586,1.6413793103448275,1,4.0,1,105,1,7.0,3.0
1,1.2316715542521994,2.155425219941349,0.9237536656891495,3.0,0.9210526315789475,1.611842105263158,1,4.0,2,105,1,7.0,3.0
1,0.75,0.5,-0.25,3.0,0.75,0.5,1,1.5,1,105,0,1.0,-0.5
1,1.2316715542521994,1.5395894428152492,0.30791788856304986,3.0,0.9171974522292995,1.1464968152866244,1,4.0,2,105,1,5.0,1.0
0,1.2316715542521994,0.0,-1.2316715542521994,3.0,0.9426751592356688,0.0,1,4.0,2,105,1,0.0,-4.0
0,1.2316715542521994,0.0,-1.2316715542521994,3.0,0.9681528662420382,0.0,0,4.0,2,105,1,0.0,-4.0
1,0.75,2.0,1.25,3.0,0.7125,1.9000000000000001,0,1.5,1,105,0,4.0,2.5
0,0.75,0.0,-0.75,3.0,0.75,0.0,1,1.5,1,105,0,0.0,-1.5
1,1.2316715542521994,0.0,-1.2316715542521994,3.0,0.9936305732484076,0.0,0,4.0,1,105,1,0.0,-4.0
0,1.2316715542521994,0.0,-1.2316715542521994,3.0,1.019108280254777,0.0,1,4.0,2,105,1,0.0,-4.0
0,1.2316715542521994,0.0,-1.2316715542521994,3.0,1.0445859872611465,0.0,0,4.0,1,105,1,0.0,-4.0
1,1.2316715542521994,1.5395894428152492,0.30791788856304986,3.0,1.037037037037037,1.2962962962962963,0,4.0,2,105,1,5.0,1.0
1,1.2316715542521994,0.0,-1.2316715542521994,3.0,1.0617283950617284,0.0,100,4.0,1,105,1,0.0,-4.0
1,1.2316715542521994,1.847507331378299,0.6158357771260997,3.0,1.0476190476190477,1.5714285714285714,1,4.0,2,105,1,6.0,2.0
0,1.2316715542521994,0.0,-1.2316715542521994,3.0,1.0714285714285714,0.0,1,4.0,2,105,1,0.0,-4.0
0,1.2316715542521994,0.0,-1.2316715542521994,3.0,1.0952380952380953,0.0,0,4.0,1,105,1,0.0,-4.0
1,0.75,2.0,1.25,3.0,0.7159090909090908,1.909090909090909,0,1.5,2,105,0,4.0,2.5
0,1.2316715542521994,0.0,-1.2316715542521994,3.0,1.119047619047619,0.0,1,4.0,2,105,1,0.0,-4.0
0,1.2316715542521994,0.0,-1.2316715542521994,3.0,1.1428571428571428,0.0,0,4.0,1,105,1,0.0,-4.0
0,1.2316715542521994,1.5395894428152492,0.30791788856304986,3.0,1.1329479768786126,1.416184971098266,0,4.0,1,105,1,5.0,1.0
1,1.2316715542521994,2.771260997067449,1.5395894428152492,3.0,1.0989010989010988,2.4725274725274726,0,4.0,1,105,1,9.0,5.0
0,1.2316715542521994,0.0,-1.2316715542521994,3.0,1.120879120879121,0.0,1,4.0,1,105,1,0.0,-4.0
0,1.2316715542521994,1.847507331378299,0.6158357771260997,3.0,1.1063829787234043,1.6595744680851063,0,4.0,2,105,1,6.0,2.0
0,0.75,0.0,-0.75,3.0,0.75,0.0,0,1.5,2,105,0,0.0,-1.5
1,0.75,2.0,1.25,3.0,0.71875,1.9166666666666667,0,1.5,2,105,0,4.0,2.5
0,1.2316715542521994,1.2316715542521994,0.0,3.0,1.1041666666666667,1.1041666666666667,1,4.0,2,105,1,4.0,0.0
1,1.2316715542521994,1.847507331378299,0.6158357771260997,3.0,1.090909090909091,1.6363636363636365,0,4.0,2,105,1,6.0,2.0
1,1.2316715542521994,0.0,-1.2316715542521994,3.0,1.1111111111111112,0.0,1,4.0,1,105,1,0.0,-4.0
1,1.2316715542521994,1.847507331378299,0.6158357771260997,3.0,1.0980392156862746,1.6470588235294117,1,4.0,2,105,1,6.0,2.0
0,1.2316715542521994,0.0,-1.2316715542521994,3.0,1.1176470588235294,0.0,1,4.0,2,105,1,0.0,-4.0
1,1.2316715542521994,1.847507331378299,0.6158357771260997,3.0,1.1047619047619048,1.6571428571428573,0,4.0,1,105,1,6.0,2.0
1,0.75,0.0,-0.75,3.0,0.75,0.0,1,1.5,2,105,0,0.0,-1.5
0,1.2316715542521994,0.0,-1.2316715542521994,3.0,1.1238095238095238,0.0,1,4.0,2,105,1,0.0,-4.0
0,0.75,0.0,-0.75,3.0,0.78125,0.0,0,1.5,2,105,0,0.0,-1.5
0,1.2316715542521994,2.155425219941349,0.9237536656891495,3.0,1.1059907834101383,1.935483870967742,0,4.0,2,105,1,7.0,3.0
0,0.75,0.5,-0.25,3.0,0.7959183673469388,0.5306122448979592,0,1.5,2,105,0,1.0,-0.5
1,1.2316715542521994,0.0,-1.2316715542521994,3.0,1.1244239631336406,0.0,0,4.0,1,105,1,0.0,-4.0
0,0.75,0.0,-0.75,3.0,0.8265306122448979,0.0,1,1.5,1,105,0,0.0,-1.5
0,1.2316715542521994,0.0,-1.2316715542521994,3.0,1.1428571428571428,0.0,0,4.0,1,105,1,0.0,-4.0
1,1.2316715542521994,1.2316715542521994,0.0,3.0,1.1402714932126696,1.1402714932126696,0,4.0,1,105,1,4.0,0.0
1,1.2316715542521994,1.847507331378299,0.6158357771260997,3.0,1.1277533039647578,1.6916299559471366,1,4.0,2,105,1,6.0,2.0
0,1.2316715542521994,1.2316715542521994,0.0,3.0,1.1255411255411256,1.1255411255411256,1,4.0,1,105,1,4.0,0.0
0,1.2316715542521994,0.0,-1.2316715542521994,3.0,1.1428571428571428,0.0,0,4.0,1,105,1,0.0,-4.0
0,0.75,0.0,-0.75,3.0,0.8571428571428571,0.0,0,1.5,1,105,0,0.0,-1.5
0,1.2316715542521994,1.2316715542521994,0.0,3.0,1.1404255319148935,1.1404255319148935,0,4.0,1,105,1,4.0,0.0
0,1.2316715542521994,0.9237536656891495,-0.30791788856304986,3.0,1.1428571428571428,0.8571428571428571,0,4.0,1,105,1,3.0,-1.0
0,1.2316715542521994,0.0,-1.2316715542521994,3.0,1.1596638655462184,0.0,0,4.0,1,105,1,0.0,-4.0
1,1.2316715542521994,1.5395894428152492,0.30791788856304986,3.0,1.1522633744855966,1.4403292181069958,0,4.0,2,105,1,5.0,1.0
0,1.2316715542521994,0.9237536656891495,-0.30791788856304986,3.0,1.1544715447154472,0.8658536585365854,1,4.0,1,105,1,3.0,-1.0
1,0.75,2.0,1.25,3.0,0.820754716981132,2.188679245283019,0,1.5,1,105,0,4.0,2.5
0,1.2316715542521994,0.0,-1.2316715542521994,3.0,1.1707317073170733,0.0,1,4.0,2,105,1,0.0,-4.0
0,1.2316715542521994,0.0,-1.2316715542521994,3.0,1.1869918699186992,0.0,0,4.0,2,105,1,0.0,-4.0
1,0.75,0.0,-0.75,3.0,0.8490566037735849,0.0,0,1.5,1,105,0,0.0,-1.5
1,0.75,2.0,1.25,3.0,0.8157894736842105,2.175438596491228,1,1.5,1,105,0,4.0,2.5
0,1.2316715542521994,0.0,-1.2316715542521994,3.0,1.2032520325203253,0.0,1,4.0,1,105,1,0.0,-4.0
0,1.2316715542521994,0.0,-1.2316715542521994,3.0,1.2195121951219512,0.0,0,4.0,1,105,1,0.0,-4.0
1,0.75,0.0,-0.75,3.0,0.8421052631578947,0.0,0,1.5,2,105,0,0.0,-1.5
1,1.2316715542521994,1.5395894428152492,0.30791788856304986,3.0,1.2111553784860558,1.5139442231075697,1,4.0,1,105,1,5.0,1.0
1,1.2316715542521994,2.155425219941349,0.9237536656891495,3.0,1.193798449612403,2.0891472868217056,1,4.0,2,105,1,7.0,3.0
0,1.2316715542521994,0.0,-1.2316715542521994,3.0,1.2093023255813955,0.0,1,4.0,2,105,1,0.0,-4.0
0,0.75,0.0,-0.75,3.0,0.868421052631579,0.0,0,1.5,1,105,0,0.0,-1.5
1,0.75,2.5,1.75,3.0,0.8225806451612904,2.741935483870968,0,1.5,1,105,0,5.0,3.5
1,1.2316715542521994,2.155425219941349,0.9237536656891495,3.0,1.1924528301886792,2.0867924528301884,1,4.0,1,105,1,7.0,3.0
1,0.75,1.0,0.25,3.0,0.8203125,1.09375,1,1.5,1,105,0,2.0,0.5
0,1.2316715542521994,0.0,-1.2316715542521994,3.0,1.2075471698113207,0.0,1,4.0,1,105,1,0.0,-4.0
0,1.2316715542521994,0.0,-1.2316715542521994,3.0,1.2226415094339622,0.0,0,4.0,2,105,1,0.0,-4.0
1,0.75,2.0,1.25,3.0,0.7941176470588236,2.1176470588235294,0,1.5,1,105,0,4.0,2.5
1,0.75,3.0,2.25,3.0,0.75,3.0,1,1.5,1,105,0,6.0,4.5
1,0.75,2.0,1.25,3.0,0.7307692307692307,1.9487179487179485,1,1.5,2,105,0,4.0,2.5
1,0.75,0.0,-0.75,3.0,0.75,0.0,1,1.5,1,105,0,0.0,-1.5
1,1.2316715542521994,2.463343108504399,1.2316715542521994,3.0,1.2014652014652014,2.402930402930403,1,4.0,2,105,1,8.0,4.0
1,1.2316715542521994,1.847507331378299,0.6158357771260997,3.0,1.189964157706093,1.7849462365591398,1,4.0,2,105,1,6.0,2.0
0,0.75,1.0,0.25,3.0,0.75,1.0,1,1.5,1,105,0,2.0,0.5
0,1.2316715542521994,0.0,-1.2316715542521994,3.0,1.2043010752688172,0.0,0,4.0,2,105,1,0.0,-4.0
0,1.2316715542521994,0.0,-1.2316715542521994,3.0,1.2186379928315412,0.0,100,4.0,2,105,1,0.0,-4.0
0,1.2316715542521994,0.9237536656891495,-0.30791788856304986,3.0,1.2198581560283688,0.9148936170212766,0,4.0,2,105,1,3.0,-1.0
0,1.2316715542521994,0.0,-1.2316715542521994,3.0,1.2340425531914894,0.0,0,4.0,2,105,1,0.0,-4.0
1,1.2316715542521994,2.463343108504399,1.2316715542521994,3.0,1.2137931034482758,2.4275862068965517,0,4.0,2,105,1,8.0,4.0
0,0.75,0.5,-0.25,3.0,0.7592592592592593,0.5061728395061729,1,1.5,2,105,0,1.0,-0.5
1,0.75,2.0,1.25,3.0,0.7411764705882353,1.9764705882352942,0,1.5,1,105,0,4.0,2.5
1,1.2316715542521994,2.155425219941349,0.9237536656891495,3.0,1.1986531986531987,2.0976430976430978,1,4.0,1,105,1,7.0,3.0
0,0.75,0.0,-0.75,3.0,0.7588235294117647,0.0,1,1.5,2,105,0,0.0,-1.5
0,1.2316715542521994,0.0,-1.2316715542521994,3.0,1.2121212121212122,0.0,0,4.0,1,105,1,0.0,-4.0
0,1.2316715542521994,0.0,-1.2316715542521994,3.0,1.2255892255892256,0.0,0,4.0,1,105,1,0.0,-4.0
0,1.2316715542521994,0.0,-1.2316715542521994,3.0,1.2390572390572392,0.0,0,4.0,1,105,1,0.0,-4.0
1,1.2316715542521994,2.155425219941349,0.9237536656891495,3.0,1.2236842105263157,2.1414473684210527,0,4.0,1,105,1,7.0,3.0
0,0.75,0.0,-0.75,3.0,0.7764705882352941,0.0,1,1.5,2,105,0,0.0,-1.5
0,1.2316715542521994,0.0,-1.2316715542521994,3.0,1.236842105263158,0.0,0,4.0,2,105,1,0.0,-4.0
1,1.2316715542521994,1.847507331378299,0.6158357771260997,3.0,1.2258064516129032,1.838709677419355,0,4.0,1,105,1,6.0,2.0
0,1.2316715542521994,0.0,-1.2316715542521994,3.0,1.238709677419355,0.0,1,4.0,1,105,1,0.0,-4.0
1,0.75,2.0,1.25,3.0,0.7584269662921348,2.0224719101123596,0,1.5,2,105,0,4.0,2.5
0,1.2316715542521994,1.2316715542521994,0.0,3.0,1.2356687898089171,1.2356687898089171,1,4.0,1,105,1,4.0,0.0
1,1.2316715542521994,0.0,-1.2316715542521994,3.0,1.248407643312102,0.0,0,4.0,2,105,1,0.0,-4.0
1,1.2316715542521994,2.463343108504399,1.2316715542521994,3.0,1.2298136645962732,2.4596273291925463,1,4.0,2,105,1,8.0,4.0
1,0.75,0.0,-0.75,3.0,0.7752808988764045,0.0,1,1.5,1,105,0,0.0,-1.5
0,1.2316715542521994,0.0,-1.2316715542521994,3.0,1.2422360248447204,0.0,1,4.0,1,105,1,0.0,-4.0
0,1.2316715542521994,1.5395894428152492,0.30791788856304986,3.0,1.235474006116208,1.54434250764526,0,4.0,1,105,1,5.0,1.0
1,1.2316715542521994,2.771260997067449,1.5395894428152492,3.0,1.2142857142857144,2.732142857142857,0,4.0,2,105,1,9.0,5.0
1,0.75,2.0,1.25,3.0,0.7580645161290323,2.021505376344086,1,1.5,1,105,0,4.0,2.5
1,0.75,2.0,1.25,3.0,0.7422680412371133,1.979381443298969,1,1.5,1,105,0,4.0,2.5
1,1.2316715542521994,2.155425219941349,0.9237536656891495,3.0,1.2011661807580176,2.1020408163265305,1,4.0,1,105,1,7.0,3.0
0,0.75,0.0,-0.75,3.0,0.7577319587628866,0.0,1,1.5,1,105,0,0.0,-1.5
1,1.2316715542521994,2.155425219941349,0.9237536656891495,3.0,1.1885714285714286,2.08,0,4.0,1,105,1,7.0,3.0
0,1.2316715542521994,0.0,-1.2316715542521994,3.0,1.2,0.0,1,4.0,1,105,1,0.0,-4.0
0,0.75,0.0,-0.75,3.0,0.7731958762886598,0.0,0,1.5,2,105,0,0.0,-1.5
1,0.75,3.0,2.25,3.0,0.7427184466019418,2.970873786407767,0,1.5,2,105,0,6.0,4.5
0,1.2316715542521994,0.0,-1.2316715542521994,3.0,1.2114285714285715,0.0,1,4.0,1,105,1,0.0,-4.0
1,1.2316715542521994,2.155425219941349,0.9237536656891495,3.0,1.1988795518207283,2.0980392156862746,0,4.0,2,105,1,7.0,3.0
1,0.75,1.0,0.25,3.0,0.7428571428571429,0.9904761904761905,1,1.5,1,105,0,2.0,0.5
0,0.75,0.0,-0.75,3.0,0.7571428571428571,0.0,1,1.5,1,105,0,0.0,-1.5
0,1.2316715542521994,1.847507331378299,0.6158357771260997,3.0,1.1900826446280992,1.7851239669421488,0,4.0,2,105,1,6.0,2.0
1,1.2316715542521994,1.847507331378299,0.6158357771260997,3.0,1.1815718157181572,1.7723577235772359,0,4.0,2,105,1,6.0,2.0
0,1.2316715542521994,1.2316715542521994,0.0,3.0,1.1796246648793565,1.1796246648793565,1,4.0,1,105,1,4.0,0.0
0,1.2316715542521994,0.0,-1.2316715542521994,3.0,1.190348525469169,0.0,0,4.0,2,105,1,0.0,-4.0
0,1.2316715542521994,0.0,-1.2316715542521994,3.0,1.2010723860589811,0.0,0,4.0,1,105,1,0.0,-4.0
0,1.2316715542521994,1.5395894428152492,0.30791788856304986,3.0,1.1957671957671958,1.4947089947089949,0,4.0,2,105,1,5.0,1.0
0,1.2316715542521994,1.847507331378299,0.6158357771260997,3.0,1.1875,1.78125,0,4.0,2,105,1,6.0,2.0
0,1.2316715542521994,0.0,-1.2316715542521994,3.0,1.1979166666666667,0.0,0,4.0,2,105,1,0.0,-4.0
0,0.75,1.0,0.25,3.0,0.7570093457943926,1.0093457943925235,0,1.5,2,105,0,2.0,0.5
0,1.2316715542521994,0.0,-1.2316715542521994,3.0,1.2083333333333333,0.0,0,4.0,2,105,1,0.0,-4.0
1,0.75,2.5,1.75,3.0,0.7366071428571429,2.4553571428571432,0,1.5,1,105,0,5.0,3.5
1,1.2316715542521994,1.847507331378299,0.6158357771260997,3.0,1.2,1.7999999999999998,1,4.0,1,105,1,6.0,2.0
0,1.2316715542521994,1.847507331378299,0.6158357771260997,3.0,1.202020202020202,1.803030303030303,100,4.0,1,105,1,6.0,2.0
1,1.2316715542521994,1.847507331378299,0.6158357771260997,3.0,1.1940298507462686,1.791044776119403,0,4.0,1,105,1,6.0,2.0
1,0.75,2.0,1.25,3.0,0.7241379310344827,1.9310344827586206,1,1.5,2,105,0,4.0,2.5
1,1.2316715542521994,1.2316715542521994,0.0,3.0,1.1921182266009853,1.1921182266009853,1,4.0,2,105,1,4.0,0.0
0,1.2316715542521994,0.0,-1.2316715542521994,3.0,1.2019704433497538,0.0,1,4.0,2,105,1,0.0,-4.0
1,0.75,2.0,1.25,3.0,0.7125,1.9000000000000001,0,1.5,1,105,0,4.0,2.5
1,1.2316715542521994,0.0,-1.2316715542521994,3.0,1.2118226600985222,0.0,1,4.0,1,105,1,0.0,-4.0
0,0.75,0.0,-0.75,3.0,0.725,0.0,1,1.5,1,105,0,0.0,-1.5
0,0.75,0.0,-0.75,3.0,0.7375,0.0,0,1.5,2,105,0,0.0,-1.5
0,1.2316715542521994,0.0,-1.2316715542521994,3.0,1.2216748768472905,0.0,0,4.0,1,105,1,0.0,-4.0
0,1.2316715542521994,2.155425219941349,0.9237536656891495,3.0,1.2106537530266344,2.1186440677966103,0,4.0,2,105,1,7.0,3.0
0,1.2316715542521994,0.0,-1.2316715542521994,3.0,1.2203389830508475,0.0,0,4.0,2,105,1,0.0,-4.0
1,0.75,0.0,-0.75,3.0,0.75,0.0,0,1.5,1,105,0,0.0,-1.5
1,0.75,2.0,1.25,3.0,0.7379032258064516,1.967741935483871,100,1.5,1,105,0,4.0,2.5
0,0.75,0.0,-0.75,3.0,0.75,0.0,1,1.5,2,105,0,0.0,-1.5
0,1.2316715542521994,0.0,-1.2316715542521994,3.0,1.2300242130750605,0.0,0,4.0,1,105,1,0.0,-4.0
0,1.2316715542521994,1.5395894428152492,0.30791788856304986,3.0,1.2248803827751196,1.5311004784688995,0,4.0,2,105,1,5.0,1.0
0,0.75,0.0,-0.75,3.0,0.7620967741935484,0.0,0,1.5,2,105,0,0.0,-1.5
0,1.2316715542521994,0.6158357771260997,-0.6158357771260997,3.0,1.2285714285714286,0.6142857142857143,0,4.0,1,105,1,2.0,-2.0
1,0.75,3.0,2.25,3.0,0.7384615384615385,2.953846153846154,0,1.5,1,105,0,6.0,4.5
0,1.2316715542521994,0.0,-1.2316715542521994,3.0,1.2380952380952381,0.0,1,4.0,1,105,1,0.0,-4.0
0,1.2316715542521994,0.0,-1.2316715542521994,3.0,1.2476190476190476,0.0,0,4.0,2,105,1,0.0,-4.0
1,1.2316715542521994,1.847507331378299,0.6158357771260997,3.0,1.23943661971831,1.859154929577465,0,4.0,2,105,1,6.0,2.0
0,1.2316715542521994,1.2316715542521994,0.0,3.0,1.2372093023255812,1.2372093023255812,1,4.0,1,105,1,4.0,0.0
1,1.2316715542521994,2.463343108504399,1.2316715542521994,3.0,1.2237442922374429,2.4474885844748857,0,4.0,2,105,1,8.0,4.0
1,1.2316715542521994,1.847507331378299,0.6158357771260997,3.0,1.2162162162162162,1.8243243243243243,1,4.0,2,105,1,6.0,2.0
1,1.2316715542521994,2.155425219941349,0.9237536656891495,3.0,1.2062084257206207,2.1108647450110865,1,4.0,1,105,1,7.0,3.0
0,1.2316715542521994,0.0,-1.2316715542521994,3.0,1.2150776053215078,0.0,1,4.0,2,105,1,0.0,-4.0
0,1.2316715542521994,0.0,-1.2316715542521994,3.0,1.2239467849223948,0.0,0,4.0,1,105,1,0.0,-4.0
0,0.75,0.5,-0.25,3.0,0.7442748091603054,0.4961832061068702,0,1.5,2,105,0,1.0,-0.5
0,1.2316715542521994,1.2316715542521994,0.0,3.0,1.2219780219780219,1.2219780219780219,0,4.0,1,105,1,4.0,0.0
1,0.75,1.0,0.25,3.0,0.7443609022556391,0.9924812030075189,0,1.5,1,105,0,2.0,0.5
0,0.75,1.0,0.25,3.0,0.7444444444444445,0.9925925925925927,1,1.5,1,105,0,2.0,0.5
0,1.2316715542521994,0.0,-1.2316715542521994,3.0,1.2307692307692308,0.0,0,4.0,1,105,1,0.0,-4.0
1,1.2316715542521994,2.155425219941349,0.9237536656891495,3.0,1.2207792207792207,2.1363636363636362,0,4.0,2,105,1,7.0,3.0
1,1.2316715542521994,0.0,-1.2316715542521994,3.0,1.2294372294372293,0.0,1,4.0,1,105,1,0.0,-4.0
1,1.2316715542521994,2.155425219941349,0.9237536656891495,3.0,1.2196162046908317,2.1343283582089554,1,4.0,2,105,1,7.0,3.0
1,1.2316715542521994,1.5395894428152492,0.30791788856304986,3.0,1.2151898734177216,1.518987341772152,1,4.0,1,105,1,5.0,1.0
1,0.75,2.0,1.25,3.0,0.7338129496402879,1.9568345323741008,1,1.5,1,105,0,4.0,2.5
0,0.75,0.0,-0.75,3.0,0.7446043165467625,0.0,1,1.5,1,105,0,0.0,-1.5
1,0.75,0.0,-0.75,3.0,0.7553956834532374,0.0,0,1.5,2,105,0,0.0,-1.5
1,1.2316715542521994,1.5395894428152492,0.30791788856304986,3.0,1.2108559498956157,1.5135699373695197,1,4.0,1,105,1,5.0,1.0
1,1.2316715542521994,1.847507331378299,0.6158357771260997,3.0,1.2041237113402061,1.806185567010309,1,4.0,1,105,1,6.0,2.0
0,0.75,0.0,-0.75,3.0,0.7661870503597122,0.0,1,1.5,1,105,0,0.0,-1.5
0,1.2316715542521994,0.0,-1.2316715542521994,3.0,1.2123711340206187,0.0,0,4.0,2,105,1,0.0,-4.0
1,0.75,2.0,1.25,3.0,0.7552447552447552,2.0139860139860137,0,1.5,1,105,0,4.0,2.5
0,1.2316715542521994,0.0,-1.2316715542521994,3.0,1.2206185567010308,0.0,1,4.0,2,105,1,0.0,-4.0
1,1.2316715542521994,1.847507331378299,0.6158357771260997,3.0,1.2138492871690427,1.8207739307535642,0,4.0,1,105,1,6.0,2.0
0,1.2316715542521994,1.5395894428152492,0.30791788856304986,3.0,1.2096774193548387,1.5120967741935485,1,4.0,2,105,1,5.0,1.0
0,1.2316715542521994,1.2316715542521994,0.0,3.0,1.208,1.208,0,4.0,1,105,1,4.0,0.0
1,1.2316715542521994,2.463343108504399,1.2316715542521994,3.0,1.1968503937007875,2.393700787401575,0,4.0,2,105,1,8.0,4.0
1,1.2316715542521994,1.5395894428152492,0.30791788856304986,3.0,1.1929824561403508,1.4912280701754386,1,4.0,1,105,1,5.0,1.0
1,1.2316715542521994,1.5395894428152492,0.30791788856304986,3.0,1.1891891891891893,1.4864864864864864,1,4.0,1,105,1,5.0,1.0
0,1.2316715542521994,0.0,-1.2316715542521994,3.0,1.196911196911197,0.0,1,4.0,1,105,1,0.0,-4.0
1,1.2316715542521994,1.5395894428152492,0.30791788856304986,3.0,1.1931166347992352,1.4913957934990438,0,4.0,2,105,1,5.0,1.0
0,1.2316715542521994,0.0,-1.2316715542521994,3.0,1.2007648183556405,0.0,1,4.0,2,105,1,0.0,-4.0
0,0.75,0.0,-0.75,3.0,0.7657342657342657,0.0,0,1.5,2,105,0,0.0,-1.5
0,1.2316715542521994,1.2316715542521994,0.0,3.0,1.1992409867172675,1.1992409867172675,0,4.0,1,105,1,4.0,0.0
0,0.75,0.0,-0.75,3.0,0.7762237762237763,0.0,0,1.5,2,105,0,0.0,-1.5
1,0.75,2.5,1.75,3.0,0.7601351351351351,2.5337837837837838,0,1.5,2,105,0,5.0,3.5
0,1.2316715542521994,0.0,-1.2316715542521994,3.0,1.206831119544592,0.0,1,4.0,2,105,1,0.0,-4.0
0,0.75,0.0,-0.75,3.0,0.7702702702702703,0.0,0,1.5,2,105,0,0.0,-1.5
1,0.75,2.0,1.25,3.0,0.7598684210526316,2.026315789473684,0,1.5,2,105,0,4.0,2.5
0,1.2316715542521994,0.0,-1.2316715542521994,3.0,1.2144212523719164,0.0,1,4.0,1,105,1,0.0,-4.0
1,0.75,2.0,1.25,3.0,0.75,2.0,0,1.5,2,105,0,4.0,2.5
0,0.75,0.0,-0.75,3.0,0.7596153846153846,0.0,1,1.5,1,105,0,0.0,-1.5
0,1.2316715542521994,0.0,-1.2316715542521994,3.0,1.222011385199241,0.0,0,4.0,1,105,1,0.0,-4.0
1,1.2316715542521994,2.155425219941349,0.9237536656891495,3.0,1.2134831460674158,2.1235955056179776,0,4.0,2,105,1,7.0,3.0
1,0.75,2.0,1.25,3.0,0.75,2.0,1,1.5,1,105,0,4.0,2.5
1,1.2316715542521994,2.155425219941349,0.9237536656891495,3.0,1.2051756007393715,2.1090573012939,1,4.0,1,105,1,7.0,3.0
0,1.2316715542521994,0.0,-1.2316715542521994,3.0,1.212569316081331,0.0,1,4.0,2,105,1,0.0,-4.0
1,1.2316715542521994,2.771260997067449,1.5395894428152492,3.0,1.2,2.6999999999999997,0,4.0,2,105,1,9.0,5.0
1,1.2316715542521994,1.5395894428152492,0.30791788856304986,3.0,1.1963963963963964,1.4954954954954955,1,4.0,1,105,1,5.0,1.0
1,1.2316715542521994,3.3870967741935485,2.155425219941349,3.0,1.1802120141342756,3.245583038869258,1,4.0,2,105,1,11.0,7.0
0,1.2316715542521994,0.9237536656891495,-0.30791788856304986,3.0,1.181019332161687,0.8857644991212654,1,4.0,1,105,1,3.0,-1.0
0,1.2316715542521994,0.0,-1.2316715542521994,3.0,1.18804920913884,0.0,100,4.0,1,105,1,0.0,-4.0
0,1.2316715542521994,1.2316715542521994,0.0,3.0,1.1867364746945899,1.1867364746945899,0,4.0,1,105,1,4.0,0.0
0,1.2316715542521994,0.0,-1.2316715542521994,3.0,1.193717277486911,0.0,0,4.0,2,105,1,0.0,-4.0
1,1.2316715542521994,2.155425219941349,0.9237536656891495,3.0,1.186206896551724,2.075862068965517,0,4.0,1,105,1,7.0,3.0
1,0.75,2.0,1.25,3.0,0.7408536585365854,1.975609756097561,1,1.5,2,105,0,4.0,2.5
1,1.2316715542521994,1.2316715542521994,0.0,3.0,1.1849315068493151,1.1849315068493151,1,4.0,1,105,1,4.0,0.0
0,0.75,0.0,-0.75,3.0,0.75,0.0,1,1.5,2,105,0,0.0,-1.5
0,0.75,0.0,-0.75,3.0,0.7591463414634146,0.0,0,1.5,1,105,0,0.0,-1.5
1,0.75,2.0,1.25,3.0,0.75,2.0,0,1.5,2,105,0,4.0,2.5
0,1.2316715542521994,1.5395894428152492,0.30791788856304986,3.0,1.1816638370118846,1.4770797962648556,1,4.0,2,105,1,5.0,1.0
0,1.2316715542521994,0.0,-1.2316715542521994,3.0,1.1884550084889645,0.0,0,4.0,1,105,1,0.0,-4.0
0,1.2316715542521994,0.6158357771260997,-0.6158357771260997,3.0,1.1912013536379018,0.5956006768189509,0,4.0,1,105,1,2.0,-2.0
0,1.2316715542521994,0.0,-1.2316715542521994,3.0,1.1979695431472082,0.0,0,4.0,2,105,1,0.0,-4.0
0,1.2316715542521994,0.9237536656891495,-0.30791788856304986,3.0,1.1986531986531987,0.898989898989899,0,4.0,2,105,1,3.0,-1.0
0,0.75,0.5,-0.25,3.0,0.7544378698224852,0.5029585798816568,0,1.5,1,105,0,1.0,-0.5
0,1.2316715542521994,1.5395894428152492,0.30791788856304986,3.0,1.1953255425709517,1.4941569282136895,0,4.0,2,105,1,5.0,1.0
1,1.2316715542521994,3.3870967741935485,2.155425219941349,3.0,1.180327868852459,3.2459016393442623,0,4.0,1,105,1,11.0,7.0
1,0.75,2.0,1.25,3.0,0.7456647398843931,1.9884393063583814,1,1.5,2,105,0,4.0,2.5
0,1.2316715542521994,0.9237536656891495,-0.30791788856304986,3.0,1.1810766721044046,0.8858075040783034,1,4.0,2,105,1,3.0,-1.0
1,0.75,3.0,2.25,3.0,0.729050279329609,2.916201117318436,0,1.5,1,105,0,6.0,4.5
0,1.2316715542521994,0.0,-1.2316715542521994,3.0,1.1876019575856445,0.0,1,4.0,2,105,1,0.0,-4.0
0,1.2316715542521994,0.0,-1.2316715542521994,3.0,1.1941272430668841,0.0,0,4.0,2,105,1,0.0,-4.0
0,1.2316715542521994,0.0,-1.2316715542521994,3.0,1.200652528548124,0.0,0,4.0,2,105,1,0.0,-4.0
0,0.75,0.0,-0.75,3.0,0.7374301675977654,0.0,0,1.5,2,105,0,0.0,-1.5
0,1.2316715542521994,1.2316715542521994,0.0,3.0,1.1993517017828201,1.1993517017828201,0,4.0,2,105,1,4.0,0.0
1,0.75,2.0,1.25,3.0,0.7295081967213115,1.9453551912568308,0,1.5,1,105,0,4.0,2.5
0,1.2316715542521994,0.0,-1.2316715542521994,3.0,1.205834683954619,0.0,1,4.0,1,105,1,0.0,-4.0
0,1.2316715542521994,0.6158357771260997,-0.6158357771260997,3.0,1.2084006462035541,0.6042003231017771,0,4.0,1,105,1,2.0,-2.0
0,1.2316715542521994,0.0,-1.2316715542521994,3.0,1.2148626817447497,0.0,0,4.0,2,105,1,0.0,-4.0
0,1.2316715542521994,0.0,-1.2316715542521994,3.0,1.221324717285945,0.0,0,4.0,2,105,1,0.0,-4.0
0,1.2316715542521994,1.847507331378299,0.6158357771260997,3.0,1.216,1.824,0,4.0,2,105,1,6.0,2.0
0,1.2316715542521994,0.0,-1.2316715542521994,3.0,1.2224,0.0,0,4.0,1,105,1,0.0,-4.0
0,1.2316715542521994,2.155425219941349,0.9237536656891495,3.0,1.2151898734177216,2.126582278481013,0,4.0,2,105,1,7.0,3.0
0,1.2316715542521994,0.0,-1.2316715542521994,3.0,1.2215189873417722,0.0,0,4.0,1,105,1,0.0,-4.0
0,1.2316715542521994,0.0,-1.2316715542521994,3.0,1.2278481012658229,0.0,0,4.0,1,105,1,0.0,-4.0
0,0.75,0.0,-0.75,3.0,0.7377049180327869,0.0,0,1.5,1,105,0,0.0,-1.5
0,1.2316715542521994,0.0,-1.2316715542521994,3.0,1.2341772151898733,0.0,0,4.0,2,105,1,0.0,-4.0
0,1.2316715542521994,1.847507331378299,0.6158357771260997,3.0,1.2288401253918495,1.8432601880877741,0,4.0,1,105,1,6.0,2.0
0,1.2316715542521994,1.2316715542521994,0.0,3.0,1.2274143302180685,1.2274143302180685,0,4.0,1,105,1,4.0,0.0
0,1.2316715542521994,1.2316715542521994,0.0,3.0,1.2260061919504643,1.2260061919504643,0,4.0,1,105,1,4.0,0.0
1,0.75,2.0,1.25,3.0,0.7299465240641712,1.9465240641711232,0,1.5,1,105,0,4.0,2.5
0,1.2316715542521994,0.0,-1.2316715542521994,3.0,1.2321981424148607,0.0,1,4.0,1,105,1,0.0,-4.0
1,0.75,2.0,1.25,3.0,0.7225130890052356,1.926701570680628,0,1.5,2,105,0,4.0,2.5
0,1.2316715542521994,0.0,-1.2316715542521994,3.0,1.238390092879257,0.0,1,4.0,2,105,1,0.0,-4.0
0,1.2316715542521994,0.0,-1.2316715542521994,3.0,1.2445820433436534,0.0,0,4.0,2,105,1,0.0,-4.0
0,0.75,0.0,-0.75,3.0,0.7303664921465969,0.0,0,1.5,2,105,0,0.0,-1.5
1,1.2316715542521994,1.847507331378299,0.6158357771260997,3.0,1.2392638036809815,1.8588957055214723,0,4.0,2,105,1,6.0,2.0
1,0.75,2.5,1.75,3.0,0.7193877551020408,2.397959183673469,1,1.5,2,105,0,5.0,3.5
0,0.75,1.0,0.25,3.0,0.7196969696969697,0.9595959595959597,1,1.5,2,105,0,2.0,0.5
0,1.2316715542521994,1.5395894428152492,0.30791788856304986,3.0,1.2359208523592085,1.5449010654490105,0,4.0,2,105,1,5.0,1.0
0,0.75,0.0,-0.75,3.0,0.7272727272727273,0.0,0,1.5,1,105,0,0.0,-1.5
1,1.2316715542521994,1.847507331378299,0.6158357771260997,3.0,1.2307692307692308,1.8461538461538463,0,4.0,2,105,1,6.0,2.0
0,1.2316715542521994,0.0,-1.2316715542521994,3.0,1.2368024132730013,0.0,1,4.0,2,105,1,0.0,-4.0
0,1.2316715542521994,0.0,-1.2316715542521994,3.0,1.2428355957767723,0.0,0,4.0,2,105,1,0.0,-4.0
1,1.2316715542521994,1.847507331378299,0.6158357771260997,3.0,1.2376681614349776,1.8565022421524662,0,4.0,2,105,1,6.0,2.0
1,0.75,0.0,-0.75,3.0,0.7348484848484849,0.0,1,1.5,1,105,0,0.0,-1.5
0,1.2316715542521994,1.2316715542521994,0.0,3.0,1.236255572065379,1.236255572065379,1,4.0,2,105,1,4.0,0.0
0,0.75,0.0,-0.75,3.0,0.7424242424242425,0.0,0,1.5,1,105,0,0.0,-1.5
0,0.75,0.0,-0.75,3.0,0.75,0.0,0,1.5,1,105,0,0.0,-1.5
0,1.2316715542521994,0.0,-1.2316715542521994,3.0,1.2421991084695394,0.0,0,4.0,2,105,1,0.0,-4.0
1,0.75,1.0,0.25,3.0,0.75,1.0,0,1.5,2,105,0,2.0,0.5
0,1.2316715542521994,2.771260997067449,1.5395894428152492,3.0,1.2316715542521994,2.771260997067449,1,4.0,2,105,1,9.0,5.0
