Softmax,Norm Softmax,MC Softmax,RW Softmax,RW By Day Softmax,WTP-Ref,Subj
451.32715375435845,439.5685910682233,439.81971179110633,440.3588504136383,439.5951526815724,451.32715375435845,101
437.3596155065221,441.60586441911937,443.77998729244143,440.93583369502744,441.8642576931968,437.3596155065221,102
357.55311882178444,354.3290162057892,353.5077647651856,332.7630761522066,332.76440602776245,357.5531188217844,103
390.6679934319968,402.97280314210013,416.4339116871823,394.70980845454005,402.1588321197341,390.6679934319968,104
556.306801862079,520.4468225037403,537.2323709190662,522.5247095428449,520.7145616019619,556.306801862079,105
610.9198512275573,601.9341660219716,598.8872139587006,543.2596912324599,542.7948447777852,610.9198512275573,106
556.5743663819803,560.4245617165844,558.48160636888,554.065038020866,554.030356093148,556.5743663819803,107
321.0843510607807,332.8395361745701,334.57639301694337,326.61558239900666,327.2305172174826,321.0843510607807,108
392.52654102907144,392.24628134598703,399.9275007255822,391.50026624169755,392.6815957664987,392.5265410290714,109
254.72162239552264,261.1857606459059,262.2273802540676,260.6176593752053,260.87229801519055,254.72162239552264,110
331.6530790268284,349.4800184660048,350.09659459192534,337.15350158481084,348.58017060732686,331.6530790268284,111
580.5675315412983,586.8022731001184,585.3811553491034,563.9408293961511,563.9128978641263,580.5675315412983,112
311.7454662479571,298.7404741286361,302.46169156934906,296.1720733657827,295.74259033017665,311.7454662479571,113
281.7283807061948,278.08962985479207,280.13223980484213,278.3409449326653,278.1754334492302,281.7283807061948,114
